(70, 81, 96, 2, -3, -10, -3, 76, 80, 132, 45.650001525878906, 47.560001373291016, 77.61000061035156, 90.0, 90.0, 90.0, 2, 1, 3, -0.6887341737747192, 0.8463920950889587, 0.00014838753850199282, 19, 320, 0, 0.0, 0.0, 0.0, 0.0, 0.0, 0.0, 0.0, 0.0, 0.0, 0.0, 0.0, 0.0, 0.0, 0.0, 0.0, 0.0, 0.0, 0.0, 0.0, 0.0, 0.0, 0.0, 0.0, 0.0, 0.0, 0.0, 0.0, b'M', b'A', b'P', b' ', 16708, 0.12352295219898224, 1)
LiteMol origin:  [-6.0065791481419613, -1.783500051498413, -1.7638636502352627]
My origin:  [-6.00657915 -1.78350005 -1.76386365]
mean, median, mode, sigma, header rmsd, difference of the last two:  0.000148387535153 -0.00139226246392 0 0.123522948676 0.12352295219898224 -3.52325983666e-09
crs grids:  [41, 67, 45]
density:  -0.365571498871
grid positions [41, 67, 45]
crs radius: [9, 9, 9]
cutoff:  -0.3705688565969467
[33, 63, 45] 0.0783317536116
[33, 64, 43] 0.0430139936507
[33, 64, 44] 0.0546419769526
[33, 64, 45] -0.0635581836104
[33, 64, 46] -0.220021858811
[33, 64, 47] -0.271661996841
[33, 65, 42] -0.0514870733023
[33, 65, 43] -0.057594049722
[33, 65, 44] -0.0960516855121
[33, 65, 45] -0.188342943788
[33, 65, 46] -0.238896667957
[33, 65, 47] -0.214067026973
[33, 65, 48] -0.171686664224
[33, 66, 42] -0.0445453040302
[33, 66, 43] -0.108335822821
[33, 66, 44] -0.15478040278
[33, 66, 45] -0.166058063507
[33, 66, 46] -0.0942654013634
[33, 66, 47] -0.0212426986545
[33, 66, 48] -0.0526348724961
[33, 67, 41] 0.131819188595
[33, 67, 42] 0.0414320938289
[33, 67, 43] -0.0364449433982
[33, 67, 44] -0.0842159688473
[33, 67, 45] -0.053966011852
[33, 67, 46] 0.0546582788229
[33, 67, 47] 0.133199751377
[33, 67, 48] 0.107632547617
[33, 67, 49] 0.03021809645
[33, 68, 42] 0.131400108337
[33, 68, 43] 0.0714932084084
[33, 68, 44] 0.0335268527269
[33, 68, 45] 0.0636661797762
[33, 68, 46] 0.116507172585
[33, 68, 47] 0.13420124352
[33, 68, 48] 0.122573770583
[33, 69, 42] 0.0884867012501
[33, 69, 43] 0.0100528784096
[33, 69, 44] 0.00679246988147
[33, 69, 45] 0.0838321819901
[33, 69, 46] 0.101630993187
[33, 69, 47] 0.0433272495866
[33, 69, 48] 0.00631198100746
[33, 70, 43] -0.205365404487
[33, 70, 44] -0.183165639639
[33, 70, 45] -0.0156761035323
[33, 70, 46] 0.0477904863656
[33, 70, 47] -0.0205915551633
[33, 71, 45] -0.0580934397876
[34, 62, 43] 5.12622391398e-05
[34, 62, 44] 0.0454434044659
[34, 62, 45] -0.00493156071752
[34, 62, 46] -0.111965090036
[34, 62, 47] -0.171317532659
[34, 63, 42] -0.108644247055
[34, 63, 43] -0.00373269082047
[34, 63, 44] 0.0775494650006
[34, 63, 45] 0.0261584632099
[34, 63, 46] -0.128606036305
[34, 63, 47] -0.240065708756
[34, 63, 48] -0.217720836401
[34, 64, 41] -0.0503387078643
[34, 64, 42] -0.0764411687851
[34, 64, 43] -0.00697290478274
[34, 64, 44] 0.0176057163626
[34, 64, 45] -0.0674490630627
[34, 64, 46] -0.179021731019
[34, 64, 47] -0.200380727649
[34, 64, 48] -0.110750615597
[34, 64, 49] -0.0229440387338
[34, 65, 40] 0.202202156186
[34, 65, 41] 0.0158994030207
[34, 65, 42] -0.0578926131129
[34, 65, 43] -0.01960154064
[34, 65, 44] -0.024083243683
[34, 65, 45] -0.0823295935988
[34, 65, 46] -0.0930205434561
[34, 65, 47] -0.0322363264859
[34, 65, 48] 0.0300623681396
[34, 65, 49] -0.00159636815079
[34, 65, 50] -0.145384728909
[34, 66, 40] 0.203767865896
[34, 66, 41] 0.0596861466765
[34, 66, 42] -0.0271826591343
[34, 66, 43] -0.03262758255
[34, 66, 44] -0.0489700138569
[34, 66, 45] -0.0413104556501
[34, 66, 46] 0.0437665469944
[34, 66, 47] 0.12692014873
[34, 66, 48] 0.121917232871
[34, 66, 49] 0.0281489100307
[34, 66, 50] -0.11930501461
[34, 67, 40] 0.160346701741
[34, 67, 41] 0.115140810609
[34, 67, 42] 0.0648573562503
[34, 67, 43] 0.00621825177222
[34, 67, 44] -0.0720442458987
[34, 67, 45] -0.0733020827174
[34, 67, 46] 0.0324314124882
[34, 67, 47] 0.120543204248
[34, 67, 48] 0.116199746728
[34, 67, 49] 0.0671374425292
[34, 67, 50] -0.00558846490458
[34, 68, 40] 0.0916791707277
[34, 68, 41] 0.141002416611
[34, 68, 42] 0.162333682179
[34, 68, 43] 0.0923163294792
[34, 68, 44] -0.041050542146
[34, 68, 45] -0.105076737702
[34, 68, 46] -0.0524547211826
[34, 68, 47] 0.0229005161673
[34, 68, 48] 0.046166036278
[34, 68, 49] 0.0290627516806
[34, 68, 50] -0.0134490029886
[34, 69, 40] 0.033575091511
[34, 69, 41] 0.108495399356
[34, 69, 42] 0.143913283944
[34, 69, 43] 0.0783042907715
[34, 69, 44] -0.0328827574849
[34, 69, 45] -0.097342453897
[34, 69, 46] -0.0936138406396
[34, 69, 47] -0.0498413033783
[34, 69, 48] -0.0177962258458
[34, 69, 49] -0.0501501709223
[34, 69, 50] -0.116111628711
[34, 70, 41] 0.0201328955591
[34, 70, 42] 0.00462157046422
[34, 70, 43] -0.0834564939141
[34, 70, 44] -0.138405799866
[34, 70, 45] -0.137790694833
[34, 70, 46] -0.142350971699
[34, 70, 47] -0.124699048698
[34, 70, 48] -0.0685389116406
[34, 70, 49] -0.0737592950463
[34, 71, 42] -0.0782143399119
[34, 71, 43] -0.166533574462
[34, 71, 44] -0.186806663871
[34, 71, 45] -0.128633752465
[34, 71, 46] -0.120255507529
[34, 71, 47] -0.126052647829
[34, 71, 48] -0.056833833456
[34, 72, 43] -0.0511346645653
[34, 72, 44] -0.0551265478134
[34, 72, 45] 0.0455794259906
[34, 72, 46] 0.0944670364261
[34, 72, 47] 0.0663868784904
[35, 61, 43] -0.0119305513799
[35, 61, 44] -0.0433808118105
[35, 61, 45] -0.079738534987
[35, 61, 46] -0.0862325131893
[35, 61, 47] -0.0447734817863
[35, 62, 41] -0.153314843774
[35, 62, 42] -0.141508355737
[35, 62, 43] -0.0880156308413
[35, 62, 44] -0.00328136002645
[35, 62, 45] 0.0208788048476
[35, 62, 46] -0.0423347242177
[35, 62, 47] -0.140971526504
[35, 62, 48] -0.240918248892
[35, 62, 49] -0.280484110117
[35, 63, 40] -0.113228321075
[35, 63, 41] -0.187837526202
[35, 63, 42] -0.190562352538
[35, 63, 43] -0.124078497291
[35, 63, 44] -0.0293844956905
[35, 63, 45] 0.0208206437528
[35, 63, 46] -0.0234297867864
[35, 63, 47] -0.137168735266
[35, 63, 48] -0.225397631526
[35, 63, 49] -0.211644977331
[35, 63, 50] -0.116125613451
[35, 64, 40] -0.0591657944024
[35, 64, 41] -0.143344551325
[35, 64, 42] -0.133857667446
[35, 64, 43] -0.0785362198949
[35, 64, 44] -0.0552791431546
[35, 64, 45] -0.047880358994
[35, 64, 46] -0.0376147143543
[35, 64, 47] -0.0394102074206
[35, 64, 48] -0.0373691469431
[35, 64, 49] -0.0392722897232
[35, 64, 50] -0.0852685049176
[35, 65, 39] 0.0132903195918
[35, 65, 40] 0.00637466972694
[35, 65, 41] -0.0639188215137
[35, 65, 42] -0.0465800464153
[35, 65, 43] 0.00681688822806
[35, 65, 44] 0.00293291290291
[35, 65, 45] -4.74545195175e-05
[35, 65, 46] 0.0555195137858
[35, 65, 47] 0.123268850148
[35, 65, 48] 0.151401773095
[35, 65, 49] 0.0895823761821
[35, 65, 50] -0.0772166103125
[35, 65, 51] -0.204930126667
[35, 66, 39] 0.0560414455831
[35, 66, 40] 0.091800391674
[35, 66, 41] 0.0343037061393
[35, 66, 42] 0.0246679745615
[35, 66, 43] 0.0522838793695
[35, 66, 44] 0.0484058000147
[35, 66, 45] 0.064859829843
[35, 66, 46] 0.140064805746
[35, 66, 47] 0.205382823944
[35, 66, 48] 0.213021963835
[35, 66, 49] 0.152324035764
[35, 66, 50] 0.0132480114698
[35, 66, 51] -0.124382175505
[35, 67, 39] 0.116422533989
[35, 67, 40] 0.138626918197
[35, 67, 41] 0.0935932323337
[35, 67, 42] 0.0801265090704
[35, 67, 43] 0.0741019546986
[35, 67, 44] 0.0140773002058
[35, 67, 45] -0.0238186828792
[35, 67, 46] 0.033449973911
[35, 67, 47] 0.115012273192
[35, 67, 48] 0.150197729468
[35, 67, 49] 0.149209007621
[35, 67, 50] 0.103260986507
[35, 67, 51] 0.00338143575937
[35, 68, 39] 0.101053722203
[35, 68, 40] 0.0939884409308
[35, 68, 41] 0.0852621197701
[35, 68, 42] 0.132673889399
[35, 68, 43] 0.141064807773
[35, 68, 44] 0.0110206566751
[35, 68, 45] -0.135082095861
[35, 68, 46] -0.121213212609
[35, 68, 47] 0.00545825343579
[35, 68, 48] 0.0835675895214
[35, 68, 49] 0.0777695178986
[35, 68, 50] 0.0393189676106
[35, 68, 51] -0.0105557674542
[35, 69, 39] 0.00605792738497
[35, 69, 40] 0.00394044071436
[35, 69, 41] 0.0340875647962
[35, 69, 42] 0.129639431834
[35, 69, 43] 0.173092901707
[35, 69, 44] 0.0418228656054
[35, 69, 45] -0.14973294735
[35, 69, 46] -0.173466399312
[35, 69, 47] -0.0301033016294
[35, 69, 48] 0.0580464974046
[35, 69, 49] -0.0117959370837
[35, 69, 50] -0.111532770097
[35, 69, 51] -0.106156244874
[35, 70, 40] -0.0996263474226
[35, 70, 41] -0.0555703118443
[35, 70, 42] 0.027696236968
[35, 70, 43] 0.0713813304901
[35, 70, 44] -0.0136297401041
[35, 70, 45] -0.17192581296
[35, 70, 46] -0.22608487308
[35, 70, 47] -0.118223115802
[35, 70, 48] -0.0194183457643
[35, 70, 49] -0.0765880346298
[35, 70, 50] -0.17808136344
[35, 71, 40] -0.185492783785
[35, 71, 41] -0.126750186086
[35, 71, 42] -0.0451562330127
[35, 71, 43] -0.0161624979228
[35, 71, 44] -0.068314306438
[35, 71, 45] -0.172618299723
[35, 71, 46] -0.246011525393
[35, 71, 47] -0.208036109805
[35, 71, 48] -0.107939347625
[35, 71, 49] -0.0785901397467
[35, 71, 50] -0.113518513739
[35, 72, 41] -0.0852561369538
[35, 72, 42] 0.0331318303943
[35, 72, 43] 0.0526752844453
[35, 72, 44] 0.00715512502939
[35, 72, 45] -0.0313820652664
[35, 72, 46] -0.0717600509524
[35, 72, 47] -0.097307190299
[35, 72, 48] -0.0535653233528
[35, 72, 49] 0.017261562869
[35, 73, 43] 0.0910362750292
[35, 73, 44] 0.038561925292
[35, 73, 45] 0.0755840688944
[35, 73, 46] 0.113338164985
[35, 73, 47] 0.064011760056
[36, 60, 43] -0.0469816736877
[36, 60, 44] -0.0625400617719
[36, 60, 45] -0.0322592593729
[36, 60, 46] 0.0385070927441
[36, 60, 47] 0.155169829726
[36, 61, 41] -0.0662730261683
[36, 61, 42] -0.0382169671357
[36, 61, 43] -0.0444762036204
[36, 61, 44] -0.0180360376835
[36, 61, 45] 0.0037394601386
[36, 61, 46] 0.0349903106689
[36, 61, 47] 0.0874579921365
[36, 61, 48] 0.00683476496488
[36, 61, 49] -0.191338002682
[36, 62, 40] -0.130615994334
[36, 62, 41] -0.144382491708
[36, 62, 42] -0.105396658182
[36, 62, 43] -0.0803232118487
[36, 62, 44] -0.0230330303311
[36, 62, 45] 0.0571066215634
[36, 62, 46] 0.10078933835
[36, 62, 47] 0.0513822101057
[36, 62, 48] -0.109350346029
[36, 62, 49] -0.24229234457
[36, 62, 50] -0.158971235156
[36, 63, 39] -0.042096670717
[36, 63, 40] -0.16425062716
[36, 63, 41] -0.157942220569
[36, 63, 42] -0.0908656343818
[36, 63, 43] -0.0892563983798
[36, 63, 44] -0.0933443009853
[36, 63, 45] 0.00172706507146
[36, 63, 46] 0.111930370331
[36, 63, 47] 0.082263238728
[36, 63, 48] -0.0510103628039
[36, 63, 49] -0.106295526028
[36, 63, 50] -0.0249861311167
[36, 63, 51] 0.0611795447767
[36, 64, 39] -0.173208087683
[36, 64, 40] -0.212903648615
[36, 64, 41] -0.145971998572
[36, 64, 42] -0.0359130725265
[36, 64, 43] -0.059692312032
[36, 64, 44] -0.147589817643
[36, 64, 45] -0.0920336544514
[36, 64, 46] 0.0635784342885
[36, 64, 47] 0.122506633401
[36, 64, 48] 0.0863991677761
[36, 64, 49] 0.0703971982002
[36, 64, 50] 0.0691049098969
[36, 64, 51] 0.0485972501338
[36, 65, 38] -0.249371066689
[36, 65, 39] -0.212530955672
[36, 65, 40] -0.167101100087
[36, 65, 41] -0.0669635906816
[36, 65, 42] 0.0213204268366
[36, 65, 43] -0.0143124489114
[36, 65, 44] -0.0905842781067
[36, 65, 45] -0.0352754220366
[36, 65, 46] 0.102410383523
[36, 65, 47] 0.160509780049
[36, 65, 48] 0.145330771804
[36, 65, 49] 0.119495727122
[36, 65, 50] 0.0626579299569
[36, 65, 51] 0.0149026429281
[36, 65, 52] 0.0439812280238
[36, 66, 38] -0.122390978038
[36, 66, 39] -0.0763670504093
[36, 66, 40] 0.00382554810494
[36, 66, 41] 0.051531098783
[36, 66, 42] 0.045073736459
[36, 66, 43] 0.00907483045012
[36, 66, 44] 0.0120228063315
[36, 66, 45] 0.0937067493796
[36, 66, 46] 0.174297913909
[36, 66, 47] 0.169605433941
[36, 66, 48] 0.129984885454
[36, 66, 49] 0.112034671009
[36, 66, 50] 0.0854761376977
[36, 66, 51] 0.0580555275083
[36, 66, 52] 0.0473162159324
[36, 67, 38] 0.0715389996767
[36, 67, 39] 0.112107671797
[36, 67, 40] 0.145267605782
[36, 67, 41] 0.098714441061
[36, 67, 42] 0.0384446457028
[36, 67, 43] 0.0381102599204
[36, 67, 44] 0.0686699673533
[36, 67, 45] 0.0940330326557
[36, 67, 46] 0.117679424584
[36, 67, 47] 0.131538808346
[36, 67, 48] 0.13643604517
[36, 67, 49] 0.152429312468
[36, 67, 50] 0.164856567979
[36, 67, 51] 0.138475611806
[36, 67, 52] 0.0522940978408
[36, 68, 38] 0.135878652334
[36, 68, 39] 0.175777465105
[36, 68, 40] 0.159009456635
[36, 68, 41] 0.0741679444909
[36, 68, 42] 0.0601245723665
[36, 68, 43] 0.129210203886
[36, 68, 44] 0.114611335099
[36, 68, 45] 0.00709257274866
[36, 68, 46] -0.00513609685004
[36, 68, 47] 0.107564091682
[36, 68, 48] 0.181602463126
[36, 68, 49] 0.164469227195
[36, 68, 50] 0.133399918675
[36, 68, 51] 0.0999437049031
[36, 68, 52] 0.0260134339333
[36, 69, 38] 0.0475588254631
[36, 69, 39] 0.0844567492604
[36, 69, 40] 0.0763620734215
[36, 69, 41] 0.0192855726928
[36, 69, 42] 0.0668902695179
[36, 69, 43] 0.184890761971
[36, 69, 44] 0.135503053665
[36, 69, 45] -0.0548527799547
[36, 69, 46] -0.079467818141
[36, 69, 47] 0.0959591940045
[36, 69, 48] 0.175686299801
[36, 69, 49] 0.064030893147
[36, 69, 50] -0.0431752204895
[36, 69, 51] -0.042705681175
[36, 69, 52] -0.000469629041618
[36, 70, 39] -0.0819869935513
[36, 70, 40] -0.0704501718283
[36, 70, 41] -0.0941090732813
[36, 70, 42] -0.038765437901
[36, 70, 43] 0.0773505792022
[36, 70, 44] 0.0421303324401
[36, 70, 45] -0.130682736635
[36, 70, 46] -0.157115980983
[36, 70, 47] 0.00262054661289
[36, 70, 48] 0.0613029450178
[36, 70, 49] -0.0767135322094
[36, 70, 50] -0.18807938695
[36, 70, 51] -0.134448856115
[36, 71, 39] -0.185268521309
[36, 71, 40] -0.183868154883
[36, 71, 41] -0.186390087008
[36, 71, 42] -0.139810010791
[36, 71, 43] -0.0590623281896
[36, 71, 44] -0.084059715271
[36, 71, 45] -0.202981308103
[36, 71, 46] -0.223166912794
[36, 71, 47] -0.110770322382
[36, 71, 48] -0.0520220398903
[36, 71, 49] -0.119493350387
[36, 71, 50] -0.17421425879
[36, 71, 51] -0.119794547558
[36, 72, 40] -0.143543705344
[36, 72, 41] -0.116509579122
[36, 72, 42] -0.05362547189
[36, 72, 43] -0.0235950313509
[36, 72, 44] -0.0848153829575
[36, 72, 45] -0.1636595577
[36, 72, 46] -0.159230157733
[36, 72, 47] -0.0924625322223
[36, 72, 48] -0.0400801859796
[36, 72, 49] -0.0215891394764
[36, 72, 50] -0.0228194911033
[36, 73, 41] 0.00755386892706
[36, 73, 42] 0.0962376147509
[36, 73, 43] 0.0788264498115
[36, 73, 44] -0.026665341109
[36, 73, 45] -0.074523486197
[36, 73, 46] -0.0491787828505
[36, 73, 47] -0.0386354066432
[36, 73, 48] -0.0090410830453
[36, 73, 49] 0.0944676250219
[36, 74, 43] 0.0485439933836
[36, 74, 44] -0.0447032377124
[36, 74, 45] -0.0512822121382
[36, 74, 46] -0.0360829904675
[36, 74, 47] -0.0976327359676
[37, 59, 45] -0.00928669795394
[37, 60, 42] 0.0237115304917
[37, 60, 43] -0.0567110255361
[37, 60, 44] -0.00792035646737
[37, 60, 45] -0.00345779885538
[37, 60, 46] -0.0254341959953
[37, 60, 47] 0.0981604233384
[37, 60, 48] 0.146817922592
[37, 61, 40] -0.139053836465
[37, 61, 41] -0.0698350593448
[37, 61, 42] -0.0599175877869
[37, 61, 43] -0.0880892574787
[37, 61, 44] -0.0427848771214
[37, 61, 45] 0.00198945589364
[37, 61, 46] 0.0400367081165
[37, 61, 47] 0.125024110079
[37, 61, 48] 0.0765403211117
[37, 61, 49] -0.158305674791
[37, 61, 50] -0.208564177155
[37, 62, 39] -0.0713073536754
[37, 62, 40] -0.179762125015
[37, 62, 41] -0.0883119553328
[37, 62, 42] -0.00314296362922
[37, 62, 43] -0.0343839526176
[37, 62, 44] -0.0528428740799
[37, 62, 45] 0.0227237883955
[37, 62, 46] 0.127816930413
[37, 62, 47] 0.15917801857
[37, 62, 48] 0.0491791032255
[37, 62, 49] -0.103149190545
[37, 62, 50] -0.0920060873032
[37, 62, 51] 0.0356114469469
[37, 63, 39] -0.0805250629783
[37, 63, 40] -0.172479107976
[37, 63, 41] -0.0357799530029
[37, 63, 42] 0.122571520507
[37, 63, 43] 0.0615827925503
[37, 63, 44] -0.0639966800809
[37, 63, 45] -0.00414340011775
[37, 63, 46] 0.159266665578
[37, 63, 47] 0.203905358911
[37, 63, 48] 0.13800932467
[37, 63, 49] 0.120238207281
[37, 63, 50] 0.166688963771
[37, 63, 51] 0.137778580189
[37, 64, 38] -0.0539147295058
[37, 64, 39] -0.170504868031
[37, 64, 40] -0.226146444678
[37, 64, 41] -0.0447275005281
[37, 64, 42] 0.134171143174
[37, 64, 43] 0.0494327880442
[37, 64, 44] -0.108809776604
[37, 64, 45] -0.0450029671192
[37, 64, 46] 0.13309904933
[37, 64, 47] 0.186595752835
[37, 64, 48] 0.183059453964
[37, 64, 49] 0.262431383133
[37, 64, 50] 0.322628557682
[37, 64, 51] 0.238402366638
[37, 64, 52] 0.0764136910439
[37, 65, 38] -0.103022716939
[37, 65, 39] -0.229462653399
[37, 65, 40] -0.210640713573
[37, 65, 41] -0.0386668890715
[37, 65, 42] 0.0398185476661
[37, 65, 43] -0.0631504058838
[37, 65, 44] -0.11298982054
[37, 65, 45] 0.0288168005645
[37, 65, 46] 0.150693684816
[37, 65, 47] 0.0961500555277
[37, 65, 48] 0.0416916646063
[37, 65, 49] 0.121210314333
[37, 65, 50] 0.200924098492
[37, 65, 51] 0.185408890247
[37, 65, 52] 0.117495268583
[37, 66, 38] -0.0169594790787
[37, 66, 39] -0.118109300733
[37, 66, 40] -0.0510891750455
[37, 66, 41] 0.0188365001231
[37, 66, 42] -0.0638504847884
[37, 66, 43] -0.150092706084
[37, 66, 44] -0.0342907719314
[37, 66, 45] 0.177790686488
[37, 66, 46] 0.203858494759
[37, 66, 47] 0.0229917485267
[37, 66, 48] -0.105508424342
[37, 66, 49] -0.0580202303827
[37, 66, 50] 0.0440574809909
[37, 66, 51] 0.10581369698
[37, 66, 52] 0.0864504426718
[37, 67, 37] 0.229236021638
[37, 67, 38] 0.11887011677
[37, 67, 39] 0.0826236382127
[37, 67, 40] 0.128158792853
[37, 67, 41] 0.0616304837167
[37, 67, 42] -0.101814471185
[37, 67, 43] -0.116371333599
[37, 67, 44] 0.0703229904175
[37, 67, 45] 0.226995021105
[37, 67, 46] 0.189941078424
[37, 67, 47] 0.0502668432891
[37, 67, 48] -0.0206052027643
[37, 67, 49] 0.0216986630112
[37, 67, 50] 0.10299795866
[37, 67, 51] 0.145922571421
[37, 67, 52] 0.0807528719306
[37, 67, 53] -0.1267965734
[37, 68, 38] 0.147155359387
[37, 68, 39] 0.202563330531
[37, 68, 40] 0.230363816023
[37, 68, 41] 0.0978334024549
[37, 68, 42] -0.0351380296052
[37, 68, 43] 0.0220565851778
[37, 68, 44] 0.142123058438
[37, 68, 45] 0.143021643162
[37, 68, 46] 0.10217627883
[37, 68, 47] 0.129910841584
[37, 68, 48] 0.167991146445
[37, 68, 49] 0.172968015075
[37, 68, 50] 0.183008477092
[37, 68, 51] 0.173886075616
[37, 68, 52] 0.0850984826684
[37, 69, 38] 0.0694033131003
[37, 69, 39] 0.170898109674
[37, 69, 40] 0.216320499778
[37, 69, 41] 0.0944140180945
[37, 69, 42] 0.014169305563
[37, 69, 43] 0.100513458252
[37, 69, 44] 0.138548910618
[37, 69, 45] 0.0359120368958
[37, 69, 46] 0.0237689726055
[37, 69, 47] 0.156270205975
[37, 69, 48] 0.195409297943
[37, 69, 49] 0.101376190782
[37, 69, 50] 0.0569839514792
[37, 69, 51] 0.0732435137033
[37, 69, 52] 0.0583436861634
[37, 70, 38] -0.0119602149352
[37, 70, 39] 0.0302088689059
[37, 70, 40] 0.063732765615
[37, 70, 41] -0.0462884493172
[37, 70, 42] -0.10928593576
[37, 70, 43] -0.012189402245
[37, 70, 44] 0.0308505222201
[37, 70, 45] -0.0488592199981
[37, 70, 46] -0.0203587468714
[37, 70, 47] 0.116652399302
[37, 70, 48] 0.0904181748629
[37, 70, 49] -0.0808056294918
[37, 70, 50] -0.132676079869
[37, 70, 51] -0.0561193488538
[37, 70, 52] 0.00235464936122
[37, 71, 39] -0.0795489177108
[37, 71, 40] -0.0863760188222
[37, 71, 41] -0.203298568726
[37, 71, 42] -0.268563270569
[37, 71, 43] -0.18133328855
[37, 71, 44] -0.120045721531
[37, 71, 45] -0.140546888113
[37, 71, 46] -0.0654687583447
[37, 71, 47] 0.0754993110895
[37, 71, 48] 0.0464918650687
[37, 71, 49] -0.119166254997
[37, 71, 50] -0.179174184799
[37, 71, 51] -0.118046976626
[37, 72, 39] -0.0457664877176
[37, 72, 40] -0.0678644329309
[37, 72, 41] -0.166899099946
[37, 72, 42] -0.215680256486
[37, 72, 43] -0.180164933205
[37, 72, 44] -0.184363290668
[37, 72, 45] -0.20683799684
[37, 72, 46] -0.107659637928
[37, 72, 47] 0.0499686673284
[37, 72, 48] 0.0790622457862
[37, 72, 49] -0.0105733806267
[37, 72, 50] -0.0782697275281
[37, 72, 51] -0.094931460917
[37, 73, 40] 0.00603860476986
[37, 73, 41] -0.0351852215827
[37, 73, 42] -0.0219646301121
[37, 73, 43] -0.0275470521301
[37, 73, 44] -0.116266638041
[37, 73, 45] -0.177419736981
[37, 73, 46] -0.118171326816
[37, 73, 47] -0.0177819170058
[37, 73, 48] 0.0472973920405
[37, 73, 49] 0.0849551334977
[37, 73, 50] 0.0704668611288
[37, 74, 42] 0.0829445123672
[37, 74, 43] 0.0859877690673
[37, 74, 44] -0.00234566046856
[37, 74, 45] -0.0628102347255
[37, 74, 46] -0.0893677100539
[37, 74, 47] -0.12688562274
[37, 74, 48] -0.0756947994232
[37, 75, 45] 0.0625174418092
[38, 59, 43] 0.0693374574184
[38, 59, 44] 0.129547283053
[38, 59, 45] 0.0232915617526
[38, 59, 46] -0.210038721561
[38, 59, 47] -0.154237404466
[38, 60, 41] 0.147313162684
[38, 60, 42] 0.0444054976106
[38, 60, 43] -0.0334423035383
[38, 60, 44] 0.0237100813538
[38, 60, 45] -0.0273897945881
[38, 60, 46] -0.157493412495
[38, 60, 47] -0.0593928545713
[38, 60, 48] 0.101842418313
[38, 60, 49] 0.000474620523164
[38, 61, 40] -0.121102519333
[38, 61, 41] -0.0620710216463
[38, 61, 42] -0.118314236403
[38, 61, 43] -0.189135462046
[38, 61, 44] -0.137261688709
[38, 61, 45] -0.0847545266151
[38, 61, 46] -0.075060620904
[38, 61, 47] 0.0215728301555
[38, 61, 48] 0.0928436815739
[38, 61, 49] -0.0217217560858
[38, 61, 50] -0.108984425664
[38, 62, 39] -0.112925700843
[38, 62, 40] -0.150739520788
[38, 62, 41] -0.0661319643259
[38, 62, 42] -0.0275615360588
[38, 62, 43] -0.0963979661465
[38, 62, 44] -0.116283230484
[38, 62, 45] -0.0382798425853
[38, 62, 46] 0.0389679260552
[38, 62, 47] 0.0830414742231
[38, 62, 48] 0.0980327948928
[38, 62, 49] 0.0761006250978
[38, 62, 50] 0.0560729317367
[38, 62, 51] 0.025805382058
[38, 63, 38] 0.0945019423962
[38, 63, 39] -0.0192391090095
[38, 63, 40] -0.0996880307794
[38, 63, 41] 0.0324740707874
[38, 63, 42] 0.178641021252
[38, 63, 43] 0.129784941673
[38, 63, 44] 0.0379884541035
[38, 63, 45] 0.0769712999463
[38, 63, 46] 0.135081529617
[38, 63, 47] 0.116319902241
[38, 63, 48] 0.143336191773
[38, 63, 49] 0.268319129944
[38, 63, 50] 0.322145402431
[38, 63, 51] 0.188130989671
[38, 63, 52] -0.00521232374012
[38, 64, 38] 0.128164634109
[38, 64, 39] -0.0402497313917
[38, 64, 40] -0.123085170984
[38, 64, 41] 0.0306864138693
[38, 64, 42] 0.180564716458
[38, 64, 43] 0.144548729062
[38, 64, 44] 0.103663221002
[38, 64, 45] 0.184777826071
[38, 64, 46] 0.199675232172
[38, 64, 47] 0.0885478258133
[38, 64, 48] 0.111846148968
[38, 64, 49] 0.332802653313
[38, 64, 50] 0.439514487982
[38, 64, 51] 0.281861335039
[38, 64, 52] 0.0837186127901
[38, 65, 37] 0.142496675253
[38, 65, 38] 0.0683716014028
[38, 65, 39] -0.126926898956
[38, 65, 40] -0.139303073287
[38, 65, 41] -0.0158462468535
[38, 65, 42] -0.00792234949768
[38, 65, 43] -0.0641896948218
[38, 65, 44] 0.0616301111877
[38, 65, 45] 0.272124946117
[38, 65, 46] 0.215958923101
[38, 65, 47] -0.0657734125853
[38, 65, 48] -0.148610055447
[38, 65, 49] 0.0576813854277
[38, 65, 50] 0.203182682395
[38, 65, 51] 0.134758681059
[38, 65, 52] 0.0285751223564
[38, 65, 53] -0.027531221509
[38, 66, 37] 0.220268622041
[38, 66, 38] 0.0562313087285
[38, 66, 39] -0.110700853169
[38, 66, 40] -0.0589457117021
[38, 66, 41] -0.0225953217596
[38, 66, 42] -0.178343728185
[38, 66, 43] -0.2353759408
[38, 66, 44] 0.0402107536793
[38, 66, 45] 0.316598147154
[38, 66, 46] 0.169735133648
[38, 66, 47] -0.233748391271
[38, 66, 48] -0.398575484753
[38, 66, 49] -0.241827711463
[38, 66, 50] -0.0767585486174
[38, 66, 51] -0.0404247641563
[38, 66, 52] -0.0618015602231
[38, 66, 53] -0.160320371389
[38, 67, 37] 0.262148410082
[38, 67, 38] 0.103141106665
[38, 67, 39] 0.0189680419862
[38, 67, 40] 0.0775219500065
[38, 67, 41] 0.0158805772662
[38, 67, 42] -0.197557032108
[38, 67, 43] -0.215124100447
[38, 67, 44] 0.064384534955
[38, 67, 45] 0.257133811712
[38, 67, 46] 0.0898726806045
[38, 67, 47] -0.204444780946
[38, 67, 48] -0.279047816992
[38, 67, 49] -0.138561606407
[38, 67, 50] -0.0083622187376
[38, 67, 51] 0.0215268135071
[38, 67, 52] -0.0288661401719
[38, 67, 53] -0.186600416899
[38, 68, 37] 0.151872843504
[38, 68, 38] 0.0823288485408
[38, 68, 39] 0.131465896964
[38, 68, 40] 0.209178596735
[38, 68, 41] 0.111842684448
[38, 68, 42] -0.0689643025398
[38, 68, 43] -0.0703149884939
[38, 68, 44] 0.0720263496041
[38, 68, 45] 0.109547235072
[38, 68, 46] 0.0178864821792
[38, 68, 47] -0.031018152833
[38, 68, 48] 0.0274604652077
[38, 68, 49] 0.128259018064
[38, 68, 50] 0.193942531943
[38, 68, 51] 0.170353993773
[38, 68, 52] 0.0574530363083
[38, 68, 53] -0.0878465771675
[38, 69, 37] 0.0120968623087
[38, 69, 38] -0.00286806002259
[38, 69, 39] 0.123483330011
[38, 69, 40] 0.232036441565
[38, 69, 41] 0.153528168797
[38, 69, 42] 0.0261371992528
[38, 69, 43] 0.0289019253105
[38, 69, 44] 0.0622780844569
[38, 69, 45] 0.0178878176957
[38, 69, 46] 0.0123936794698
[38, 69, 47] 0.0901213660836
[38, 69, 48] 0.120437547565
[38, 69, 49] 0.109159916639
[38, 69, 50] 0.153794363141
[38, 69, 51] 0.170249760151
[38, 69, 52] 0.0824078693986
[38, 69, 53] 0.0268217623234
[38, 70, 38] -0.0322086587548
[38, 70, 39] 0.0253271684051
[38, 70, 40] 0.0872870013118
[38, 70, 41] 0.00282274396159
[38, 70, 42] -0.0767153054476
[38, 70, 43] -0.0104373609647
[38, 70, 44] 0.0589612834156
[38, 70, 45] 0.0471749939024
[38, 70, 46] 0.0863774344325
[38, 70, 47] 0.146764323115
[38, 70, 48] 0.052631970495
[38, 70, 49] -0.0826685503125
[38, 70, 50] -0.0394867248833
[38, 70, 51] 0.0560020580888
[38, 70, 52] 0.029435576871
[38, 71, 38] -0.0062419353053
[38, 71, 39] -0.0257642883807
[38, 71, 40] -0.0493369586766
[38, 71, 41] -0.181364789605
[38, 71, 42] -0.239707022905
[38, 71, 43] -0.112254373729
[38, 71, 44] 0.0121673112735
[38, 71, 45] 0.0391651503742
[38, 71, 46] 0.106291934848
[38, 71, 47] 0.17814026773
[38, 71, 48] 0.0665220543742
[38, 71, 49] -0.121376045048
[38, 71, 50] -0.138322994113
[38, 71, 51] -0.0629258751869
[38, 71, 52] -0.0759810134768
[38, 72, 39] 0.041411999613
[38, 72, 40] -0.0104006072506
[38, 72, 41] -0.169142797589
[38, 72, 42] -0.231972515583
[38, 72, 43] -0.142850220203
[38, 72, 44] -0.0892979949713
[38, 72, 45] -0.103103138506
[38, 72, 46] -0.0203537233174
[38, 72, 47] 0.124142490327
[38, 72, 48] 0.122746787965
[38, 72, 49] -0.0139716751873
[38, 72, 50] -0.102717086673
[38, 72, 51] -0.114183068275
[38, 73, 40] 0.0666993185878
[38, 73, 41] -0.0638164803386
[38, 73, 42] -0.0959231853485
[38, 73, 43] -0.0713258832693
[38, 73, 44] -0.125511109829
[38, 73, 45] -0.200119897723
[38, 73, 46] -0.150593906641
[38, 73, 47] -0.00888848397881
[38, 73, 48] 0.0864819511771
[38, 73, 49] 0.0798132270575
[38, 73, 50] 0.00455734366551
[38, 74, 41] -0.0385317727923
[38, 74, 42] 0.00383435166441
[38, 74, 43] 0.0204870067537
[38, 74, 44] -0.0505002215505
[38, 74, 45] -0.123723618686
[38, 74, 46] -0.14730463922
[38, 74, 47] -0.119866333902
[38, 74, 48] -0.0114159528166
[38, 74, 49] 0.111570358276
[38, 75, 43] 0.0537459850311
[38, 75, 44] 0.00177711027209
[38, 75, 45] -0.025928452611
[38, 75, 46] -0.0940327048302
[38, 75, 47] -0.168192997575
[39, 59, 42] 0.136690929532
[39, 59, 43] 0.11252246052
[39, 59, 44] 0.170534029603
[39, 59, 45] 0.0813335552812
[39, 59, 46] -0.14034666121
[39, 59, 47] -0.143513455987
[39, 59, 48] 0.043396063149
[39, 60, 40] 0.05838258937
[39, 60, 41] 0.0970368981361
[39, 60, 42] 0.018530966714
[39, 60, 43] -0.0231118928641
[39, 60, 44] 0.0389472581446
[39, 60, 45] -0.00712274201214
[39, 60, 46] -0.160094484687
[39, 60, 47] -0.124255470932
[39, 60, 48] 0.0549883246422
[39, 60, 49] 0.0826409235597
[39, 60, 50] 0.0221608951688
[39, 61, 39] -0.00441896170378
[39, 61, 40] -0.0170843340456
[39, 61, 41] -0.0805350244045
[39, 61, 42] -0.204760730267
[39, 61, 43] -0.267533421516
[39, 61, 44] -0.173213899136
[39, 61, 45] -0.0757655575871
[39, 61, 46] -0.0808949023485
[39, 61, 47] -0.0365410111845
[39, 61, 48] 0.0965229272842
[39, 61, 49] 0.160028904676
[39, 61, 50] 0.127014040947
[39, 61, 51] 0.0322007834911
[39, 62, 38] 0.0534499324858
[39, 62, 39] 0.0536036863923
[39, 62, 40] -0.0299737732857
[39, 62, 41] -0.103222817183
[39, 62, 42] -0.165604487062
[39, 62, 43] -0.201168492436
[39, 62, 44] -0.120090357959
[39, 62, 45] 0.00797001458704
[39, 62, 46] 0.0193970017135
[39, 62, 47] -0.0246598869562
[39, 62, 48] 0.0440376996994
[39, 62, 49] 0.18788972497
[39, 62, 50] 0.235232532024
[39, 62, 51] 0.12030466646
[39, 62, 52] -0.0317010097206
[39, 63, 38] 0.137367352843
[39, 63, 39] 0.0872697383165
[39, 63, 40] -0.0143510391936
[39, 63, 41] -0.0154526531696
[39, 63, 42] 0.0436942987144
[39, 63, 43] 0.0771129801869
[39, 63, 44] 0.137924134731
[39, 63, 45] 0.196868166327
[39, 63, 46] 0.0979598760605
[39, 63, 47] -0.0768977627158
[39, 63, 48] -0.040568895638
[39, 63, 49] 0.197997733951
[39, 63, 50] 0.312108427286
[39, 63, 51] 0.189291223884
[39, 63, 52] 0.0798285976052
[39, 64, 37] 0.0751553475857
[39, 64, 38] 0.108383476734
[39, 64, 39] 0.0209247078747
[39, 64, 40] -0.0265287216753
[39, 64, 41] 0.0335441790521
[39, 64, 42] 0.100514747202
[39, 64, 43] 0.151241183281
[39, 64, 44] 0.26846280694
[39, 64, 45] 0.344145327806
[39, 64, 46] 0.163560152054
[39, 64, 47] -0.121473774314
[39, 64, 48] -0.109021805227
[39, 64, 49] 0.177091822028
[39, 64, 50] 0.296992093325
[39, 64, 51] 0.135085716844
[39, 64, 52] 0.0259802304208
[39, 64, 53] 0.125992968678
[39, 65, 37] 0.0403579510748
[39, 65, 38] -0.0100712459534
[39, 65, 39] -0.0908692479134
[39, 65, 40] -0.025929575786
[39, 65, 41] 0.0502497926354
[39, 65, 42] -0.0104295006022
[39, 65, 43] -0.0219343323261
[39, 65, 44] 0.191999033093
[39, 65, 45] 0.357342481613
[39, 65, 46] 0.128458768129
[39, 65, 47] -0.268001109362
[39, 65, 48] -0.31871303916
[39, 65, 49] -0.0475066788495
[39, 65, 50] 0.0674491971731
[39, 65, 51] -0.0799100399017
[39, 65, 52] -0.157403260469
[39, 65, 53] -0.0516282431781
[39, 66, 37] 0.0670572072268
[39, 66, 38] -0.0582195520401
[39, 66, 39] -0.130523234606
[39, 66, 40] -0.00432262104005
[39, 66, 41] 0.0506464205682
[39, 66, 42] -0.111667387187
[39, 66, 43] -0.166072979569
[39, 66, 44] 0.0857983976603
[39, 66, 45] 0.257073760033
[39, 66, 46] -0.0261055137962
[39, 66, 47] -0.46690428257
[39, 66, 48] -0.536815226078
[39, 66, 49] -0.282133281231
[39, 66, 50] -0.148780688643
[39, 66, 51] -0.222107216716
[39, 66, 52] -0.242557361722
[39, 66, 53] -0.172675162554
[39, 67, 37] 0.142635941505
[39, 67, 38] -0.00172110146377
[39, 67, 39] -0.0641030594707
[39, 67, 40] 0.0355279371142
[39, 67, 41] 0.05447691679
[39, 67, 42] -0.0990925952792
[39, 67, 43] -0.145586356521
[39, 67, 44] 0.0328001528978
[39, 67, 45] 0.107640385628
[39, 67, 46] -0.14424854517
[39, 67, 47] -0.430592060089
[39, 67, 48] -0.393368244171
[39, 67, 49] -0.143035829067
[39, 67, 50] -0.024607155472
[39, 67, 51] -0.0847007781267
[39, 67, 52] -0.137880161405
[39, 67, 53] -0.171430706978
[39, 68, 37] 0.0948395207524
[39, 68, 38] 0.00532254157588
[39, 68, 39] 0.0120395291597
[39, 68, 40] 0.104582853615
[39, 68, 41] 0.119468301535
[39, 68, 42] 0.0171745419502
[39, 68, 43] -0.0441103354096
[39, 68, 44] -0.0105871912092
[39, 68, 45] -0.024672454223
[39, 68, 46] -0.126537695527
[39, 68, 47] -0.157192707062
[39, 68, 48] -0.0213088467717
[39, 68, 49] 0.167322918773
[39, 68, 50] 0.234677642584
[39, 68, 51] 0.144144594669
[39, 68, 52] 0.00471209501848
[39, 68, 53] -0.104455381632
[39, 69, 37] -0.0422359704971
[39, 69, 38] -0.0873756483197
[39, 69, 39] -0.0213743131608
[39, 69, 40] 0.099046126008
[39, 69, 41] 0.146651178598
[39, 69, 42] 0.100791692734
[39, 69, 43] 0.0404745712876
[39, 69, 44] 0.00014181296865
[39, 69, 45] -0.024351162836
[39, 69, 46] 0.00331348809414
[39, 69, 47] 0.0794420614839
[39, 69, 48] 0.138757005334
[39, 69, 49] 0.188624948263
[39, 69, 50] 0.246063753963
[39, 69, 51] 0.212236449122
[39, 69, 52] 0.0692551508546
[39, 69, 53] -0.017554409802
[39, 70, 37] -0.0448554083705
[39, 70, 38] -0.133301332593
[39, 70, 39] -0.12250366807
[39, 70, 40] -0.0433918237686
[39, 70, 41] 0.00941978022456
[39, 70, 42] 0.0429347008467
[39, 70, 43] 0.0918851718307
[39, 70, 44] 0.120459340513
[39, 70, 45] 0.125532090664
[39, 70, 46] 0.16394585371
[39, 70, 47] 0.180324092507
[39, 70, 48] 0.0802331566811
[39, 70, 49] -0.00950875971466
[39, 70, 50] 0.059065092355
[39, 70, 51] 0.126687943935
[39, 70, 52] 0.0475678220391
[39, 70, 53] 0.0110076954588
[39, 71, 38] -0.0783456489444
[39, 71, 39] -0.125622317195
[39, 71, 40] -0.130699172616
[39, 71, 41] -0.130919784307
[39, 71, 42] -0.0487512238324
[39, 71, 43] 0.112558618188
[39, 71, 44] 0.203513786197
[39, 71, 45] 0.18651792407
[39, 71, 46] 0.181322112679
[39, 71, 47] 0.175560995936
[39, 71, 48] 0.0483201406896
[39, 71, 49] -0.0998249873519
[39, 71, 50] -0.0843317434192
[39, 71, 51] -0.014485728927
[39, 71, 52] -0.0535230301321
[39, 72, 38] -0.0129809929058
[39, 72, 39] 0.00699342694134
[39, 72, 40] -0.0249644201249
[39, 72, 41] -0.0892385840416
[39, 72, 42] -0.0408361181617
[39, 72, 43] 0.0871570408344
[39, 72, 44] 0.102175503969
[39, 72, 45] 0.00583759555593
[39, 72, 46] -0.0118069304153
[39, 72, 47] 0.0654761344194
[39, 72, 48] 0.0680139735341
[39, 72, 49] -0.0256604533643
[39, 72, 50] -0.0845472514629
[39, 72, 51] -0.0962839573622
[39, 72, 52] -0.11880363524
[39, 73, 39] 0.152513414621
[39, 73, 40] 0.094532944262
[39, 73, 41] -0.00172053929418
[39, 73, 42] 0.00426689628512
[39, 73, 43] 0.035733256489
[39, 73, 44] -0.0518383234739
[39, 73, 45] -0.186862066388
[39, 73, 46] -0.194666221738
[39, 73, 47] -0.0627284571528
[39, 73, 48] 0.0761622264981
[39, 73, 49] 0.115813374519
[39, 73, 50] 0.0512810051441
[39, 73, 51] -0.0356688052416
[39, 74, 40] 0.0638455078006
[39, 74, 41] -0.0216246023774
[39, 74, 42] 0.00356295448728
[39, 74, 43] -0.000773564272095
[39, 74, 44] -0.0979166924953
[39, 74, 45] -0.192962631583
[39, 74, 46] -0.208290979266
[39, 74, 47] -0.118185445666
[39, 74, 48] 0.0754425674677
[39, 74, 49] 0.236551523209
[39, 74, 50] 0.19657933712
[39, 75, 42] 0.00967406854033
[39, 75, 43] -0.0305507872254
[39, 75, 44] -0.117546118796
[39, 75, 45] -0.162207201123
[39, 75, 46] -0.190346240997
[39, 75, 47] -0.155166506767
[39, 75, 48] 0.039877075702
[40, 59, 42] 0.011133544147
[40, 59, 43] 0.0378826521337
[40, 59, 44] 0.106843851507
[40, 59, 45] 0.105106018484
[40, 59, 46] -0.0124988034368
[40, 59, 47] -0.0823584496975
[40, 59, 48] -0.0552732571959
[40, 60, 40] -0.00040994794108
[40, 60, 41] -0.00913714803755
[40, 60, 42] -0.0210938341916
[40, 60, 43] -0.00466998107731
[40, 60, 44] 0.0574228577316
[40, 60, 45] 0.0669867321849
[40, 60, 46] -0.0261692628264
[40, 60, 47] -0.0798210650682
[40, 60, 48] -0.0274478830397
[40, 60, 49] 0.0233426969498
[40, 60, 50] 0.0363428927958
[40, 61, 39] 0.190054133534
[40, 61, 40] 0.0913941040635
[40, 61, 41] -0.0576359219849
[40, 61, 42] -0.160997346044
[40, 61, 43] -0.175342783332
[40, 61, 44] -0.0666935220361
[40, 61, 45] 0.0685279145837
[40, 61, 46] 0.0750888362527
[40, 61, 47] 0.0095654502511
[40, 61, 48] 0.0317991301417
[40, 61, 49] 0.131560876966
[40, 61, 50] 0.177573621273
[40, 61, 51] 0.0699717402458
[40, 62, 38] 0.204547911882
[40, 62, 39] 0.23934084177
[40, 62, 40] 0.0942546501756
[40, 62, 41] -0.0857350751758
[40, 62, 42] -0.167197734118
[40, 62, 43] -0.142243698239
[40, 62, 44] -0.007217282895
[40, 62, 45] 0.1419737041
[40, 62, 46] 0.116141296923
[40, 62, 47] -0.0432562381029
[40, 62, 48] -0.0820211693645
[40, 62, 49] 0.0550793707371
[40, 62, 50] 0.161955013871
[40, 62, 51] 0.112629204988
[40, 62, 52] 0.0334325022995
[40, 63, 38] 0.111107267439
[40, 63, 39] 0.129398182034
[40, 63, 40] 0.0199531707913
[40, 63, 41] -0.079282514751
[40, 63, 42] -0.0625620856881
[40, 63, 43] 0.0344687774777
[40, 63, 44] 0.159314990044
[40, 63, 45] 0.209457889199
[40, 63, 46] 0.0543750934303
[40, 63, 47] -0.19691221416
[40, 63, 48] -0.252330034971
[40, 63, 49] -0.0816242694855
[40, 63, 50] 0.0539779141545
[40, 63, 51] 0.0583744235337
[40, 63, 52] 0.0990617126226
[40, 64, 37] -0.0681269615889
[40, 64, 38] -0.0347408615053
[40, 64, 39] -0.000679031945765
[40, 64, 40] -0.000996121787466
[40, 64, 41] -0.0151151800528
[40, 64, 42] -0.00464581372216
[40, 64, 43] 0.060277286917
[40, 64, 44] 0.16363196075
[40, 64, 45] 0.173807606101
[40, 64, 46] -0.0228925459087
[40, 64, 47] -0.266803860664
[40, 64, 48] -0.273029476404
[40, 64, 49] -0.0798006728292
[40, 64, 50] 0.00678304024041
[40, 64, 51] -0.0609413422644
[40, 64, 52] -0.0442731082439
[40, 64, 53] 0.0871872678399
[40, 65, 37] -0.146952450275
[40, 65, 38] -0.159853518009
[40, 65, 39] -0.0841322913766
[40, 65, 40] 0.0558270998299
[40, 65, 41] 0.10877058655
[40, 65, 42] 0.0207470916212
[40, 65, 43] -0.0482553690672
[40, 65, 44] 0.0068434192799
[40, 65, 45] 0.0250258687884
[40, 65, 46] -0.151982799172
[40, 65, 47] -0.351764291525
[40, 65, 48] -0.298000067472
[40, 65, 49] -0.0831195935607
[40, 65, 50] -0.0461852587759
[40, 65, 51] -0.199641391635
[40, 65, 52] -0.233706623316
[40, 65, 53] -0.0746035054326
[40, 66, 37] -0.136045128107
[40, 66, 38] -0.196644619107
[40, 66, 39] -0.139356136322
[40, 66, 40] 0.0543684102595
[40, 66, 41] 0.164898917079
[40, 66, 42] 0.0589865520597
[40, 66, 43] -0.0797848254442
[40, 66, 44] -0.0896771475673
[40, 66, 45] -0.12011398375
[40, 66, 46] -0.318195044994
[40, 66, 47] -0.489934623241
[40, 66, 48] -0.380540817976
[40, 66, 49] -0.1267542243
[40, 66, 50] -0.0762011408806
[40, 66, 51] -0.224512308836
[40, 66, 52] -0.254133224487
[40, 66, 53] -0.0941948369145
[40, 67, 37] -0.0211876779795
[40, 67, 38] -0.12008151412
[40, 67, 39] -0.140281140804
[40, 67, 40] -0.0122465547174
[40, 67, 41] 0.119942143559
[40, 67, 42] 0.0960738062859
[40, 67, 43] -0.00622955290601
[40, 67, 44] -0.0642224773765
[40, 67, 45] -0.154714375734
[40, 67, 46] -0.336496263742
[40, 67, 47] -0.421787530184
[40, 67, 48] -0.242289185524
[40, 67, 49] 0.0278821755201
[40, 67, 50] 0.0869658514857
[40, 67, 51] -0.0471706129611
[40, 67, 52] -0.108052678406
[40, 67, 53] -0.0459475927055
[40, 68, 37] 0.047784499824
[40, 68, 38] -0.0465639978647
[40, 68, 39] -0.0902045741677
[40, 68, 40] -0.0161730889231
[40, 68, 41] 0.113767929375
[40, 68, 42] 0.145241260529
[40, 68, 43] 0.0636447072029
[40, 68, 44] -0.0238936375827
[40, 68, 45] -0.0942307263613
[40, 68, 46] -0.151411741972
[40, 68, 47] -0.100490532815
[40, 68, 48] 0.102443620563
[40, 68, 49] 0.306168705225
[40, 68, 50] 0.324648529291
[40, 68, 51] 0.175191909075
[40, 68, 52] 0.0412991270423
[40, 68, 53] -0.000710386259016
[40, 69, 37] -0.0147333648056
[40, 69, 38] -0.0883949622512
[40, 69, 39] -0.099825270474
[40, 69, 40] -0.00907310377806
[40, 69, 41] 0.133738353848
[40, 69, 42] 0.180695652962
[40, 69, 43] 0.101738803089
[40, 69, 44] 0.0269043501467
[40, 69, 45] 0.0297428183258
[40, 69, 46] 0.0879672989249
[40, 69, 47] 0.186294689775
[40, 69, 48] 0.297824323177
[40, 69, 49] 0.369528740644
[40, 69, 50] 0.359937131405
[40, 69, 51] 0.250705450773
[40, 69, 52] 0.110099837184
[40, 69, 53] 0.063881225884
[40, 70, 37] -0.0781610906124
[40, 70, 38] -0.165188297629
[40, 70, 39] -0.184514015913
[40, 70, 40] -0.0956827551126
[40, 70, 41] 0.0588205344975
[40, 70, 42] 0.156866714358
[40, 70, 43] 0.15779671073
[40, 70, 44] 0.145251438022
[40, 70, 45] 0.173032015562
[40, 70, 46] 0.224615752697
[40, 70, 47] 0.262767642736
[40, 70, 48] 0.244095101953
[40, 70, 49] 0.194633424282
[40, 70, 50] 0.18273049593
[40, 70, 51] 0.160103738308
[40, 70, 52] 0.0830781906843
[40, 70, 53] 0.0861942246556
[40, 71, 38] -0.167203351855
[40, 71, 39] -0.195776104927
[40, 71, 40] -0.141070380807
[40, 71, 41] -0.0109260836616
[40, 71, 42] 0.138204410672
[40, 71, 43] 0.226222604513
[40, 71, 44] 0.22586274147
[40, 71, 45] 0.181062817574
[40, 71, 46] 0.162696406245
[40, 71, 47] 0.170280992985
[40, 71, 48] 0.120234243572
[40, 71, 49] 0.0201355516911
[40, 71, 50] -0.0191715564579
[40, 71, 51] -0.0143019622192
[40, 71, 52] -0.0411459058523
[40, 72, 38] -0.117508888245
[40, 72, 39] -0.0811995044351
[40, 72, 40] -0.0330986045301
[40, 72, 41] 0.0444972403347
[40, 72, 42] 0.169105097651
[40, 72, 43] 0.231834962964
[40, 72, 44] 0.144914478064
[40, 72, 45] 0.00314036710188
[40, 72, 46] -0.0383327044547
[40, 72, 47] 0.0232524815947
[40, 72, 48] 0.0562281869352
[40, 72, 49] 0.00363455060869
[40, 72, 50] -0.0646962448955
[40, 72, 51] -0.110083207488
[40, 72, 52] -0.136382237077
[40, 73, 39] 0.0527204871178
[40, 73, 40] 0.0670284926891
[40, 73, 41] 0.0850037261844
[40, 73, 42] 0.157779455185
[40, 73, 43] 0.156393870711
[40, 73, 44] 0.00496353534982
[40, 73, 45] -0.151210442185
[40, 73, 46] -0.165470004082
[40, 73, 47] -0.0556510165334
[40, 73, 48] 0.0838481634855
[40, 73, 49] 0.158382579684
[40, 73, 50] 0.10774281621
[40, 73, 51] -0.0190072134137
[40, 74, 40] 0.0209483094513
[40, 74, 41] -0.000320304970955
[40, 74, 42] 0.0729088112712
[40, 74, 43] 0.0691472813487
[40, 74, 44] -0.056236512959
[40, 74, 45] -0.160459697247
[40, 74, 46] -0.16601151228
[40, 74, 47] -0.070108987391
[40, 74, 48] 0.141304507852
[40, 74, 49] 0.343286156654
[40, 74, 50] 0.319783359766
[40, 75, 42] 0.0174099840224
[40, 75, 43] 0.00667980033904
[40, 75, 44] -0.0958440974355
[40, 75, 45] -0.167735427618
[40, 75, 46] -0.193511113524
[40, 75, 47] -0.126320421696
[40, 75, 48] 0.113545030355
[41, 59, 41] -0.133942320943
[41, 59, 42] -0.0961072966456
[41, 59, 43] -0.0604551844299
[41, 59, 44] -0.0240450073034
[41, 59, 45] 0.0109800295904
[41, 59, 46] -0.0131483413279
[41, 59, 47] -0.0807416141033
[41, 59, 48] -0.112466581166
[41, 59, 49] -0.115698114038
[41, 60, 40] -0.0570565983653
[41, 60, 41] -0.056877464056
[41, 60, 42] -0.00386636680923
[41, 60, 43] 0.0216598454863
[41, 60, 44] 0.0276814866811
[41, 60, 45] 0.0649146437645
[41, 60, 46] 0.0581469684839
[41, 60, 47] -0.0283922795206
[41, 60, 48] -0.0933748781681
[41, 60, 49] -0.0874113887548
[41, 60, 50] -0.0560900121927
[41, 61, 39] 0.201842725277
[41, 61, 40] 0.124085217714
[41, 61, 41] 0.0492475144565
[41, 61, 42] 0.0403830930591
[41, 61, 43] 0.0275225043297
[41, 61, 44] 0.0497134514153
[41, 61, 45] 0.16261292994
[41, 61, 46] 0.210631579161
[41, 61, 47] 0.0932012498379
[41, 61, 48] -0.0311709214002
[41, 61, 49] -0.0356705449522
[41, 61, 50] 0.00159539445303
[41, 61, 51] -0.0270452853292
[41, 62, 38] 0.179533094168
[41, 62, 39] 0.231156915426
[41, 62, 40] 0.145328685641
[41, 62, 41] 0.0430007465184
[41, 62, 42] 0.0347431562841
[41, 62, 43] 0.0557858794928
[41, 62, 44] 0.105132341385
[41, 62, 45] 0.206106841564
[41, 62, 46] 0.210496604443
[41, 62, 47] 0.0381507538259
[41, 62, 48] -0.132991492748
[41, 62, 49] -0.159435361624
[41, 62, 50] -0.109993800521
[41, 62, 51] -0.060985263437
[41, 62, 52] 0.0123216193169
[41, 63, 37] -0.0464907586575
[41, 63, 38] 0.0450618602335
[41, 63, 39] 0.112937696278
[41, 63, 40] 0.0259934905916
[41, 63, 41] -0.07687304914
[41, 63, 42] -0.04783488065
[41, 63, 43] 0.0406107529998
[41, 63, 44] 0.0958344787359
[41, 63, 45] 0.10721257329
[41, 63, 46] 0.0317019186914
[41, 63, 47] -0.138475045562
[41, 63, 48] -0.282508343458
[41, 63, 49] -0.307381719351
[41, 63, 50] -0.241845607758
[41, 63, 51] -0.107389293611
[41, 63, 52] 0.0837700590491
[41, 63, 53] 0.197567179799
[41, 64, 37] -0.115183867514
[41, 64, 38] -0.0264315474778
[41, 64, 39] 0.0556928031147
[41, 64, 40] -0.00328676146455
[41, 64, 41] -0.105750344694
[41, 64, 42] -0.118094787002
[41, 64, 43] -0.0811414569616
[41, 64, 44] -0.0911673977971
[41, 64, 45] -0.141405418515
[41, 64, 46] -0.184080272913
[41, 64, 47] -0.214340507984
[41, 64, 48] -0.229953631759
[41, 64, 49] -0.218171864748
[41, 64, 50] -0.183486133814
[41, 64, 51] -0.105486638844
[41, 64, 52] 0.0275155995041
[41, 64, 53] 0.104121647775
[41, 65, 37] -0.123593196273
[41, 65, 38] -0.0632990673184
[41, 65, 39] 0.0398093573749
[41, 65, 40] 0.0789154246449
[41, 65, 41] 0.0507985725999
[41, 65, 42] -0.0216218102723
[41, 65, 43] -0.146649256349
[41, 65, 44] -0.311164140701
[41, 65, 45] -0.422314792871
[41, 65, 46] -0.390779972076
[41, 65, 47] -0.251529812813
[41, 65, 48] -0.108169816434
[41, 65, 49] -0.0274654272944
[41, 65, 50] -0.0388888008893
[41, 65, 51] -0.0969446673989
[41, 65, 52] -0.0844496935606
[41, 65, 53] 0.00932579487562
[41, 66, 37] -0.141984120011
[41, 66, 38] -0.141700074077
[41, 66, 39] -0.0702933371067
[41, 66, 40] 0.0526828020811
[41, 66, 41] 0.168756082654
[41, 66, 42] 0.153489351273
[41, 66, 43] -0.0446253046393
[41, 66, 44] -0.328429073095
[41, 66, 45] -0.52618098259
[41, 66, 46] -0.520469963551
[41, 66, 47] -0.336664706469
[41, 66, 48] -0.0973662883043
[41, 66, 49] 0.0668617114425
[41, 66, 50] 0.0601679459214
[41, 66, 51] -0.0692240297794
[41, 66, 52] -0.116509661078
[41, 66, 53] 0.00330458884127
[41, 67, 37] -0.110185749829
[41, 67, 38] -0.176309064031
[41, 67, 39] -0.193378373981
[41, 67, 40] -0.0857159495354
[41, 67, 41] 0.119509056211
[41, 67, 42] 0.220492750406
[41, 67, 43] 0.0977512225509
[41, 67, 44] -0.151462882757
[41, 67, 45] -0.365571498871
[41, 67, 46] -0.431288689375
[41, 67, 47] -0.302174270153
[41, 67, 48] -0.0405569672585
[41, 67, 49] 0.180179655552
[41, 67, 50] 0.199117913842
[41, 67, 51] 0.0564261451364
[41, 67, 52] -0.0275121517479
[41, 67, 53] 0.0338928513229
[41, 68, 37] -0.0127053372562
[41, 68, 38] -0.108322992921
[41, 68, 39] -0.169883981347
[41, 68, 40] -0.101112999022
[41, 68, 41] 0.0925064906478
[41, 68, 42] 0.211476251483
[41, 68, 43] 0.155786052346
[41, 68, 44] 0.030841646716
[41, 68, 45] -0.085424400866
[41, 68, 46] -0.155711367726
[41, 68, 47] -0.0748706683517
[41, 68, 48] 0.170378804207
[41, 68, 49] 0.386691212654
[41, 68, 50] 0.389849603176
[41, 68, 51] 0.227140650153
[41, 68, 52] 0.0995295718312
[41, 68, 53] 0.0916641950607
[41, 69, 37] 0.0287699624896
[41, 69, 38] -0.0510524660349
[41, 69, 39] -0.079244799912
[41, 69, 40] 0.00375831103884
[41, 69, 41] 0.159571319818
[41, 69, 42] 0.212004631758
[41, 69, 43] 0.148893639445
[41, 69, 44] 0.122942149639
[41, 69, 45] 0.126738727093
[41, 69, 46] 0.0975657477975
[41, 69, 47] 0.155900418758
[41, 69, 48] 0.356815934181
[41, 69, 49] 0.508005261421
[41, 69, 50] 0.458162039518
[41, 69, 51] 0.283570289612
[41, 69, 52] 0.152496755123
[41, 69, 53] 0.156555861235
[41, 70, 37] -0.0368219204247
[41, 70, 38] -0.0847858786583
[41, 70, 39] -0.0729902684689
[41, 70, 40] 0.0319024398923
[41, 70, 41] 0.173107281327
[41, 70, 42] 0.199157461524
[41, 70, 43] 0.136305108666
[41, 70, 44] 0.143656298518
[41, 70, 45] 0.186537340283
[41, 70, 46] 0.176575019956
[41, 70, 47] 0.220651313663
[41, 70, 48] 0.355063825846
[41, 70, 49] 0.403446674347
[41, 70, 50] 0.295563191175
[41, 70, 51] 0.146790236235
[41, 70, 52] 0.0664159730077
[41, 70, 53] 0.119744263589
[41, 71, 37] -0.125735759735
[41, 71, 38] -0.149703547359
[41, 71, 39] -0.108890801668
[41, 71, 40] 8.65053880261e-05
[41, 71, 41] 0.13769492507
[41, 71, 42] 0.191956996918
[41, 71, 43] 0.14608515799
[41, 71, 44] 0.105878055096
[41, 71, 45] 0.0943354740739
[41, 71, 46] 0.0864783599973
[41, 71, 47] 0.135068014264
[41, 71, 48] 0.206704363227
[41, 71, 49] 0.16196899116
[41, 71, 50] 0.01890954189
[41, 71, 51] -0.0851184800267
[41, 71, 52] -0.103387437761
[41, 71, 53] -0.0222640689462
[41, 72, 38] -0.186477944255
[41, 72, 39] -0.105790272355
[41, 72, 40] 0.0090649491176
[41, 72, 41] 0.13164010644
[41, 72, 42] 0.206547260284
[41, 72, 43] 0.157484859228
[41, 72, 44] 0.0344115570188
[41, 72, 45] -0.0400011204183
[41, 72, 46] -0.0252929106355
[41, 72, 47] 0.0400648154318
[41, 72, 48] 0.0781351104379
[41, 72, 49] 0.0170658677816
[41, 72, 50] -0.107005231082
[41, 72, 51] -0.18960750103
[41, 72, 52] -0.189664974809
[41, 73, 39] -0.0820123702288
[41, 73, 40] -0.0125696677715
[41, 73, 41] 0.0638436153531
[41, 73, 42] 0.152863502502
[41, 73, 43] 0.130421414971
[41, 73, 44] -0.00383777986281
[41, 73, 45] -0.0750868991017
[41, 73, 46] -0.0339138805866
[41, 73, 47] 0.0247354190797
[41, 73, 48] 0.0698977485299
[41, 73, 49] 0.0915068686008
[41, 73, 50] 0.0300868749619
[41, 73, 51] -0.0851754620671
[41, 74, 40] -0.112848930061
[41, 74, 41] -0.0910266339779
[41, 74, 42] 0.0358546078205
[41, 74, 43] 0.0858637988567
[41, 74, 44] 0.0074624591507
[41, 74, 45] -0.0407802946866
[41, 74, 46] -0.0230152439326
[41, 74, 47] -5.2827057516e-05
[41, 74, 48] 0.0888899639249
[41, 74, 49] 0.22674241662
[41, 74, 50] 0.215402692556
[41, 75, 41] -0.160896524787
[41, 75, 42] 0.000809647783171
[41, 75, 43] 0.0674478262663
[41, 75, 44] 0.00225968821906
[41, 75, 45] -0.0620408952236
[41, 75, 46] -0.101114615798
[41, 75, 47] -0.105032093823
[41, 75, 48] 0.0272564664483
[41, 75, 49] 0.219547972083
[42, 59, 42] -0.0964456871152
[42, 59, 43] -0.0669056549668
[42, 59, 44] -0.077587030828
[42, 59, 45] -0.0745921507478
[42, 59, 46] -0.079181291163
[42, 59, 47] -0.109077304602
[42, 59, 48] -0.0774476230145
[42, 60, 40] -0.0750438570976
[42, 60, 41] -0.0568529814482
[42, 60, 42] 0.017642069608
[42, 60, 43] 0.027964765206
[42, 60, 44] -0.0108216674998
[42, 60, 45] 0.0317582525313
[42, 60, 46] 0.0809753015637
[42, 60, 47] 0.0252452269197
[42, 60, 48] -0.0323790200055
[42, 60, 49] -0.0208951812238
[42, 60, 50] -0.00978709477931
[42, 61, 39] 0.0322046279907
[42, 61, 40] 0.0642891675234
[42, 61, 41] 0.125881135464
[42, 61, 42] 0.181732043624
[42, 61, 43] 0.127253457904
[42, 61, 44] 0.0600608959794
[42, 61, 45] 0.141851112247
[42, 61, 46] 0.236364945769
[42, 61, 47] 0.169904395938
[42, 61, 48] 0.0529938302934
[42, 61, 49] 0.00572440540418
[42, 61, 50] -0.0156328994781
[42, 61, 51] -0.0233445838094
[42, 62, 38] -0.00646419450641
[42, 62, 39] 0.0725283846259
[42, 62, 40] 0.135749399662
[42, 62, 41] 0.177814230323
[42, 62, 42] 0.202358648181
[42, 62, 43] 0.149873286486
[42, 62, 44] 0.09601354599
[42, 62, 45] 0.152826756239
[42, 62, 46] 0.208674609661
[42, 62, 47] 0.127221599221
[42, 62, 48] -0.0128221614286
[42, 62, 49] -0.110027290881
[42, 62, 50] -0.158657684922
[42, 62, 51] -0.119934074581
[42, 62, 52] 0.00805696379393
[42, 63, 38] 0.016136854887
[42, 63, 39] 0.125886678696
[42, 63, 40] 0.085496596992
[42, 63, 41] -0.0102881863713
[42, 63, 42] -0.0279525890946
[42, 63, 43] 8.3871280367e-05
[42, 63, 44] 0.0142212156206
[42, 63, 45] 0.0335501432419
[42, 63, 46] 0.0450233966112
[42, 63, 47] -0.0123093649745
[42, 63, 48] -0.136710807681
[42, 63, 49] -0.25310087204
[42, 63, 50] -0.269613206387
[42, 63, 51] -0.12626196444
[42, 63, 52] 0.100811585784
[42, 64, 37] -0.0637632980943
[42, 64, 38] 0.135705292225
[42, 64, 39] 0.213581100106
[42, 64, 40] 0.0494752116501
[42, 64, 41] -0.168439507484
[42, 64, 42] -0.235734522343
[42, 64, 43] -0.197341129184
[42, 64, 44] -0.200024202466
[42, 64, 45] -0.224286720157
[42, 64, 46] -0.164404422045
[42, 64, 47] -0.0779615864158
[42, 64, 48] -0.100409798324
[42, 64, 49] -0.188111513853
[42, 64, 50] -0.179816782475
[42, 64, 51] -0.0302648637444
[42, 64, 52] 0.147611841559
[42, 64, 53] 0.197553396225
[42, 65, 37] 0.0207518674433
[42, 65, 38] 0.163497537374
[42, 65, 39] 0.202101051807
[42, 65, 40] 0.0754527524114
[42, 65, 41] -0.0553705096245
[42, 65, 42] -0.102098062634
[42, 65, 43] -0.175753504038
[42, 65, 44] -0.36749702692
[42, 65, 45] -0.511800527573
[42, 65, 46] -0.391176789999
[42, 65, 47] -0.11881968379
[42, 65, 48] 0.0221536960453
[42, 65, 49] 0.00957855116576
[42, 65, 50] -0.00223656790331
[42, 65, 51] 0.0220149736851
[42, 65, 52] 0.0544210933149
[42, 65, 53] 0.0963955894113
[42, 66, 37] -0.0171226076782
[42, 66, 38] -0.00192703714129
[42, 66, 39] -0.000717778573744
[42, 66, 40] 0.0150248613209
[42, 66, 41] 0.113639838994
[42, 66, 42] 0.182576820254
[42, 66, 43] 0.0345508940518
[42, 66, 44] -0.321095526218
[42, 66, 45] -0.596306085587
[42, 66, 46] -0.521364867687
[42, 66, 47] -0.202922850847
[42, 66, 48] 0.0479862615466
[42, 66, 49] 0.132857993245
[42, 66, 50] 0.116019353271
[42, 66, 51] 0.0222658477724
[42, 66, 52] -0.0630783215165
[42, 66, 53] -0.0211048088968
[42, 67, 37] -0.0947810187936
[42, 67, 38] -0.179758071899
[42, 67, 39] -0.220116123557
[42, 67, 40] -0.124266266823
[42, 67, 41] 0.107186980546
[42, 67, 42] 0.262007951736
[42, 67, 43] 0.167842775583
[42, 67, 44] -0.119449064136
[42, 67, 45] -0.390754282475
[42, 67, 46] -0.443212449551
[42, 67, 47] -0.253028482199
[42, 67, 48] 0.0154643226415
[42, 67, 49] 0.200431704521
[42, 67, 50] 0.226122125983
[42, 67, 51] 0.0986403003335
[42, 67, 52] -0.0406532883644
[42, 67, 53] -0.0497488193214
[42, 68, 37] -0.0469115376472
[42, 68, 38] -0.163825452328
[42, 68, 39] -0.210983201861
[42, 68, 40] -0.105451844633
[42, 68, 41] 0.0937947481871
[42, 68, 42] 0.19607001543
[42, 68, 43] 0.165304481983
[42, 68, 44] 0.0827439650893
[42, 68, 45] -0.0670446828008
[42, 68, 46] -0.233836740255
[42, 68, 47] -0.205918699503
[42, 68, 48] 0.0627957805991
[42, 68, 49] 0.331302791834
[42, 68, 50] 0.382616251707
[42, 68, 51] 0.239174649119
[42, 68, 52] 0.0813791304827
[42, 68, 53] 0.0382593646646
[42, 69, 37] 0.0663052201271
[42, 69, 38] -0.0262340027839
[42, 69, 39] -0.0370752438903
[42, 69, 40] 0.0733598321676
[42, 69, 41] 0.191995874047
[42, 69, 42] 0.173423171043
[42, 69, 43] 0.130076706409
[42, 69, 44] 0.186952978373
[42, 69, 45] 0.152454450727
[42, 69, 46] -0.0531831458211
[42, 69, 47] -0.0937834382057
[42, 69, 48] 0.193723842502
[42, 69, 49] 0.47412955761
[42, 69, 50] 0.461429387331
[42, 69, 51] 0.261160135269
[42, 69, 52] 0.102142348886
[42, 69, 53] 0.0923509001732
[42, 70, 37] 0.0631184503436
[42, 70, 38] 0.0240488406271
[42, 70, 39] 0.0486145876348
[42, 70, 40] 0.156587675214
[42, 70, 41] 0.232831686735
[42, 70, 42] 0.155999183655
[42, 70, 43] 0.0775013715029
[42, 70, 44] 0.151222899556
[42, 70, 45] 0.170487046242
[42, 70, 46] 0.0149765368551
[42, 70, 47] 0.000447908532806
[42, 70, 48] 0.263533174992
[42, 70, 49] 0.440571963787
[42, 70, 50] 0.305929869413
[42, 70, 51] 0.0661591663957
[42, 70, 52] -0.0580493472517
[42, 70, 53] -0.0220843628049
[42, 71, 38] -0.0584550127387
[42, 71, 39] -0.00901216827333
[42, 71, 40] 0.0941584557295
[42, 71, 41] 0.16886909306
[42, 71, 42] 0.116889894009
[42, 71, 43] 0.0244489014149
[42, 71, 44] 0.034337144345
[42, 71, 45] 0.0573452599347
[42, 71, 46] -0.00109730754048
[42, 71, 47] 0.0223619863391
[42, 71, 48] 0.174857437611
[42, 71, 49] 0.195659637451
[42, 71, 50] -0.000879624101799
[42, 71, 51] -0.18444648385
[42, 71, 52] -0.225341588259
[42, 72, 38] -0.181062161922
[42, 72, 39] -0.104180723429
[42, 72, 40] 0.00861403811723
[42, 72, 41] 0.0876952335238
[42, 72, 42] 0.088380984962
[42, 72, 43] 0.0164008773863
[42, 72, 44] -0.0323080420494
[42, 72, 45] -0.0113892005756
[42, 72, 46] 0.0157122090459
[42, 72, 47] 0.0310028698295
[42, 72, 48] 0.0446099936962
[42, 72, 49] -0.0170305613428
[42, 72, 50] -0.158433407545
[42, 72, 51] -0.24103847146
[42, 72, 52] -0.214007288218
[42, 73, 39] -0.17302505672
[42, 73, 40] -0.0935622602701
[42, 73, 41] -0.052415098995
[42, 73, 42] -0.0024419806432
[42, 73, 43] 0.00497889518738
[42, 73, 44] -0.0208430960774
[42, 73, 45] 0.024074068293
[42, 73, 46] 0.0911578014493
[42, 73, 47] 0.0651282519102
[42, 73, 48] 0.00249868794344
[42, 73, 49] -0.023728383705
[42, 73, 50] -0.0652653798461
[42, 73, 51] -0.113368727267
[42, 74, 40] -0.200841158628
[42, 74, 41] -0.221052467823
[42, 74, 42] -0.126946911216
[42, 74, 43] -0.0295518785715
[42, 74, 44] -0.00683922739699
[42, 74, 45] 0.0405971258879
[42, 74, 46] 0.0844884365797
[42, 74, 47] 0.0210432689637
[42, 74, 48] -0.0350684598088
[42, 74, 49] 0.0164287798107
[42, 74, 50] 0.0316540710628
[42, 75, 42] -0.0915271639824
[42, 75, 43] -0.00275180279277
[42, 75, 44] -0.0101855341345
[42, 75, 45] -0.011068332009
[42, 75, 46] -0.0233006272465
[42, 75, 47] -0.102588392794
[42, 75, 48] -0.12785795331
[43, 59, 42] -0.0835942625999
[43, 59, 43] 0.00668578129262
[43, 59, 44] 0.0343335345387
[43, 59, 45] 0.0286192130297
[43, 59, 46] -0.0200216975063
[43, 59, 47] -0.108591213822
[43, 59, 48] -0.0943803489208
[43, 60, 40] -0.118798814714
[43, 60, 41] -0.137164711952
[43, 60, 42] -0.061844933778
[43, 60, 43] 0.0065546524711
[43, 60, 44] 0.0447514653206
[43, 60, 45] 0.131851181388
[43, 60, 46] 0.171247795224
[43, 60, 47] 0.0802337005734
[43, 60, 48] 0.0228497684002
[43, 60, 49] 0.0711371302605
[43, 60, 50] 0.101001746953
[43, 61, 39] -0.148357495666
[43, 61, 40] -0.0504255779088
[43, 61, 41] 0.0511185787618
[43, 61, 42] 0.095025010407
[43, 61, 43] 0.0449101515114
[43, 61, 44] 0.0179752036929
[43, 61, 45] 0.119797132909
[43, 61, 46] 0.201831445098
[43, 61, 47] 0.15724273026
[43, 61, 48] 0.130482241511
[43, 61, 49] 0.165317386389
[43, 61, 50] 0.145256012678
[43, 61, 51] 0.110541857779
[43, 62, 38] -0.142883241177
[43, 62, 39] -0.0418956652284
[43, 62, 40] 0.132920414209
[43, 62, 41] 0.215099155903
[43, 62, 42] 0.153096616268
[43, 62, 43] 0.0279824659228
[43, 62, 44] -0.013800191693
[43, 62, 45] 0.0503384284675
[43, 62, 46] 0.0814509391785
[43, 62, 47] 0.0483017452061
[43, 62, 48] 0.0630464330316
[43, 62, 49] 0.0962422043085
[43, 62, 50] 0.0400265753269
[43, 62, 51] -0.0179508924484
[43, 62, 52] 0.0180679690093
[43, 63, 38] 0.0431677214801
[43, 63, 39] 0.191552117467
[43, 63, 40] 0.229060038924
[43, 63, 41] 0.100327014923
[43, 63, 42] -0.0801145210862
[43, 63, 43] -0.13956387341
[43, 63, 44] -0.0568869672716
[43, 63, 45] 0.0246436391026
[43, 63, 46] 0.00645825406536
[43, 63, 47] -0.0492812097073
[43, 63, 48] -0.0610200017691
[43, 63, 49] -0.06115680933
[43, 63, 50] -0.0868466943502
[43, 63, 51] -0.063399001956
[43, 63, 52] 0.0465876758099
[43, 64, 37] -0.0216829236597
[43, 64, 38] 0.210273846984
[43, 64, 39] 0.302048772573
[43, 64, 40] 0.169202655554
[43, 64, 41] -0.0996211394668
[43, 64, 42] -0.293459355831
[43, 64, 43] -0.267651677132
[43, 64, 44] -0.128355279565
[43, 64, 45] -0.0606050863862
[43, 64, 46] -0.0653365254402
[43, 64, 47] -0.0663312599063
[43, 64, 48] -0.0773510485888
[43, 64, 49] -0.10634700954
[43, 64, 50] -0.100517861545
[43, 64, 51] -0.0336484536529
[43, 64, 52] 0.0676871314645
[43, 64, 53] 0.131022527814
[43, 65, 37] 0.0682237073779
[43, 65, 38] 0.182366728783
[43, 65, 39] 0.187253043056
[43, 65, 40] 0.080124296248
[43, 65, 41] -0.0427556969225
[43, 65, 42] -0.104763820767
[43, 65, 43] -0.106466077268
[43, 65, 44] -0.149589553475
[43, 65, 45] -0.244684815407
[43, 65, 46] -0.234200432897
[43, 65, 47] -0.0978357344866
[43, 65, 48] -0.00948910694569
[43, 65, 49] -0.0112245464697
[43, 65, 50] -0.0180062334985
[43, 65, 51] -0.0316337682307
[43, 65, 52] -0.0454727485776
[43, 65, 53] 0.00155211566016
[43, 66, 37] 0.0730412527919
[43, 66, 38] 0.00685267476365
[43, 66, 39] -0.0441066287458
[43, 66, 40] -0.00448912195861
[43, 66, 41] 0.128457948565
[43, 66, 42] 0.22058686614
[43, 66, 43] 0.156161084771
[43, 66, 44] -0.0815006792545
[43, 66, 45] -0.335522860289
[43, 66, 46] -0.357151329517
[43, 66, 47] -0.150317922235
[43, 66, 48] 0.0379101224244
[43, 66, 49] 0.108526140451
[43, 66, 50] 0.104386098683
[43, 66, 51] 0.00319155980833
[43, 66, 52] -0.131020858884
[43, 66, 53] -0.134860008955
[43, 67, 37] 0.00158266734798
[43, 67, 38] -0.150200992823
[43, 67, 39] -0.213662028313
[43, 67, 40] -0.0907825604081
[43, 67, 41] 0.129946351051
[43, 67, 42] 0.243201211095
[43, 67, 43] 0.185580939054
[43, 67, 44] 0.00277667469345
[43, 67, 45] -0.221384629607
[43, 67, 46] -0.317591369152
[43, 67, 47] -0.199466571212
[43, 67, 48] 0.00830798316747
[43, 67, 49] 0.171777352691
[43, 67, 50] 0.233586743474
[43, 67, 51] 0.141548350453
[43, 67, 52] -0.0315865166485
[43, 67, 53] -0.108228422701
[43, 68, 37] 0.00300757214427
[43, 68, 38] -0.140520438552
[43, 68, 39] -0.178710952401
[43, 68, 40] -0.0451579988003
[43, 68, 41] 0.0995191708207
[43, 68, 42] 0.101438805461
[43, 68, 43] 0.0692349225283
[43, 68, 44] 0.0797944888473
[43, 68, 45] -0.017032282427
[43, 68, 46] -0.215993031859
[43, 68, 47] -0.25333610177
[43, 68, 48] -0.0421153306961
[43, 68, 49] 0.216155678034
[43, 68, 50] 0.331309646368
[43, 68, 51] 0.264414578676
[43, 68, 52] 0.109777994454
[43, 68, 53] 0.0182607509196
[43, 69, 37] 0.122808076441
[43, 69, 38] 0.0109548131004
[43, 69, 39] -0.00569342961535
[43, 69, 40] 0.114274837077
[43, 69, 41] 0.176259532571
[43, 69, 42] 0.0722846090794
[43, 69, 43] 0.02910926193
[43, 69, 44] 0.14818200469
[43, 69, 45] 0.125137239695
[43, 69, 46] -0.13639728725
[43, 69, 47] -0.24102935195
[43, 69, 48] 0.00782134290785
[43, 69, 49] 0.292800575495
[43, 69, 50] 0.337528944016
[43, 69, 51] 0.204229578376
[43, 69, 52] 0.0570777878165
[43, 69, 53] 0.0107208611444
[43, 70, 37] 0.183962717652
[43, 70, 38] 0.10344376415
[43, 70, 39] 0.0720000639558
[43, 70, 40] 0.146099597216
[43, 70, 41] 0.176447927952
[43, 70, 42] 0.0667026862502
[43, 70, 43] 0.0157103613019
[43, 70, 44] 0.130513072014
[43, 70, 45] 0.13546320796
[43, 70, 46] -0.0743706226349
[43, 70, 47] -0.132460713387
[43, 70, 48] 0.115203514695
[43, 70, 49] 0.300692260265
[43, 70, 50] 0.19074138999
[43, 70, 51] -0.0259507503361
[43, 70, 52] -0.15945880115
[43, 70, 53] -0.173173755407
[43, 71, 38] 0.0286862943321
[43, 71, 39] -0.00978916604072
[43, 71, 40] 0.0272693298757
[43, 71, 41] 0.0586330369115
[43, 71, 42] 0.0106589840725
[43, 71, 43] -0.0217349901795
[43, 71, 44] 0.0445189364254
[43, 71, 45] 0.0696019306779
[43, 71, 46] -0.0246958918869
[43, 71, 47] -0.0345284417272
[43, 71, 48] 0.111250475049
[43, 71, 49] 0.147599339485
[43, 71, 50] -0.0333511009812
[43, 71, 51] -0.210826724768
[43, 71, 52] -0.267387330532
[43, 72, 38] -0.129615738988
[43, 72, 39] -0.116764210165
[43, 72, 40] -0.055091727525
[43, 72, 41] -0.0237782020122
[43, 72, 42] -0.0245491936803
[43, 72, 43] -0.0235722064972
[43, 72, 44] 0.0132022490725
[43, 72, 45] 0.0584289729595
[43, 72, 46] 0.0479713492095
[43, 72, 47] 0.017281871289
[43, 72, 48] 0.0254962444305
[43, 72, 49] -0.00330076669343
[43, 72, 50] -0.111988432705
[43, 72, 51] -0.17564471066
[43, 72, 52] -0.149551913142
[43, 73, 39] -0.16455475986
[43, 73, 40] -0.0799717381597
[43, 73, 41] -0.0987375304103
[43, 73, 42] -0.10342348367
[43, 73, 43] -0.0563114061952
[43, 73, 44] 0.00760585581884
[43, 73, 45] 0.0901965424418
[43, 73, 46] 0.124938577414
[43, 73, 47] 0.0566330105066
[43, 73, 48] -0.00815079454333
[43, 73, 49] -0.00168237509206
[43, 73, 50] -0.00736391171813
[43, 73, 51] -0.0280628800392
[43, 74, 40] -0.102821692824
[43, 74, 41] -0.192802816629
[43, 74, 42] -0.218238249421
[43, 74, 43] -0.149608418345
[43, 74, 44] -0.0673452466726
[43, 74, 45] 0.0345383360982
[43, 74, 46] 0.0919395163655
[43, 74, 47] 0.0214717760682
[43, 74, 48] -0.0458531230688
[43, 74, 49] 0.00332323042676
[43, 74, 50] 0.0402339100838
[43, 75, 42] -0.150502920151
[43, 75, 43] -0.137557595968
[43, 75, 44] -0.123857617378
[43, 75, 45] -0.0592889152467
[43, 75, 46] -0.0126074040309
[43, 75, 47] -0.0765580162406
[43, 75, 48] -0.141576588154
[44, 59, 43] 0.022498993203
[44, 59, 44] 0.112676560879
[44, 59, 45] 0.157221540809
[44, 59, 46] 0.114310562611
[44, 59, 47] -0.0739409998059
[44, 60, 41] -0.24029622972
[44, 60, 42] -0.181810244918
[44, 60, 43] -0.0476522520185
[44, 60, 44] 0.0904837325215
[44, 60, 45] 0.247028663754
[44, 60, 46] 0.282946646214
[44, 60, 47] 0.10601465404
[44, 60, 48] -0.0596562288702
[44, 60, 49] -0.0483480170369
[44, 61, 40] -0.0790295749903
[44, 61, 41] -0.0579694509506
[44, 61, 42] -0.0817117318511
[44, 61, 43] -0.102956034243
[44, 61, 44] -0.0426654778421
[44, 61, 45] 0.0932305902243
[44, 61, 46] 0.134050130844
[44, 61, 47] 0.047908667475
[44, 61, 48] 0.0372862070799
[44, 61, 49] 0.128212481737
[44, 61, 50] 0.139470517635
[44, 62, 39] 0.00419875141233
[44, 62, 40] 0.194440215826
[44, 62, 41] 0.200782686472
[44, 62, 42] 0.00531059410423
[44, 62, 43] -0.159197077155
[44, 62, 44] -0.140992388129
[44, 62, 45] -0.0705629140139
[44, 62, 46] -0.117532461882
[44, 62, 47] -0.168189615011
[44, 62, 48] -0.0305218957365
[44, 62, 49] 0.161651417613
[44, 62, 50] 0.150135040283
[44, 62, 51] -0.00106143846642
[44, 63, 38] 0.0659241527319
[44, 63, 39] 0.235401213169
[44, 63, 40] 0.366283029318
[44, 63, 41] 0.215209066868
[44, 63, 42] -0.132202401757
[44, 63, 43] -0.283298671246
[44, 63, 44] -0.136177167296
[44, 63, 45] -0.020436912775
[44, 63, 46] -0.124174125493
[44, 63, 47] -0.218246281147
[44, 63, 48] -0.0971041992307
[44, 63, 49] 0.0797833353281
[44, 63, 50] 0.0769831985235
[44, 63, 51] -0.0488317087293
[44, 63, 52] -0.0933441519737
[44, 64, 38] 0.0886755287647
[44, 64, 39] 0.204033002257
[44, 64, 40] 0.25511264801
[44, 64, 41] 0.0651366263628
[44, 64, 42] -0.250508934259
[44, 64, 43] -0.304922759533
[44, 64, 44] -0.071768887341
[44, 64, 45] 0.064151071012
[44, 64, 46] -0.0390903390944
[44, 64, 47] -0.141761153936
[44, 64, 48] -0.0940930694342
[44, 64, 49] -0.00644097710028
[44, 64, 50] -0.015629151836
[44, 64, 51] -0.0999767109752
[44, 64, 52] -0.122554734349
[44, 65, 37] 0.0359891690314
[44, 65, 38] -0.00908771436661
[44, 65, 39] -1.14985059554e-05
[44, 65, 40] 0.0854197070003
[44, 65, 41] 0.0888400822878
[44, 65, 42] -0.0233667120337
[44, 65, 43] -0.0437480211258
[44, 65, 44] 0.0391499325633
[44, 65, 45] 0.0166371315718
[44, 65, 46] -0.0959473773837
[44, 65, 47] -0.122490763664
[44, 65, 48] -0.0617667511106
[44, 65, 49] -0.0126330526546
[44, 65, 50] -0.0304000210017
[44, 65, 51] -0.125845819712
[44, 65, 52] -0.200356155634
[44, 65, 53] -0.150581210852
[44, 66, 37] 0.13946980238
[44, 66, 38] -0.0405634492636
[44, 66, 39] -0.117476902902
[44, 66, 40] 0.0129358246922
[44, 66, 41] 0.195972651243
[44, 66, 42] 0.250684589148
[44, 66, 43] 0.221670299768
[44, 66, 44] 0.13916566968
[44, 66, 45] -0.0276855677366
[44, 66, 46] -0.147298440337
[44, 66, 47] -0.104776345193
[44, 66, 48] -0.000416345603298
[44, 66, 49] 0.0736031606793
[44, 66, 50] 0.0995371863246
[44, 66, 51] 0.0194525383413
[44, 66, 52] -0.116742379963
[44, 66, 53] -0.154648959637
[44, 67, 37] 0.140389457345
[44, 67, 38] -0.0420800857246
[44, 67, 39] -0.140244722366
[44, 67, 40] -0.0369419157505
[44, 67, 41] 0.122163958848
[44, 67, 42] 0.166782438755
[44, 67, 43] 0.156695634127
[44, 67, 44] 0.132084801793
[44, 67, 45] 0.0293809082359
[44, 67, 46] -0.0741630494595
[44, 67, 47] -0.0627277195454
[44, 67, 48] 0.0190732963383
[44, 67, 49] 0.125119552016
[44, 67, 50] 0.240747824311
[44, 67, 51] 0.253089725971
[44, 67, 52] 0.130479589105
[44, 67, 53] 0.0173395778984
[44, 68, 37] 0.0800288468599
[44, 68, 38] -0.0494464971125
[44, 68, 39] -0.108498878777
[44, 68, 40] -0.0223547033966
[44, 68, 41] 0.0327975340188
[44, 68, 42] -0.0345514453948
[44, 68, 43] -0.0400268957019
[44, 68, 44] 0.0730594098568
[44, 68, 45] 0.0975914075971
[44, 68, 46] -0.0170241817832
[44, 68, 47] -0.0939975455403
[44, 68, 48] -0.052661664784
[44, 68, 49] 0.0706554576755
[44, 68, 50] 0.226838156581
[44, 68, 51] 0.304566949606
[44, 68, 52] 0.242931455374
[44, 68, 53] 0.148155659437
[44, 69, 37] 0.132162377238
[44, 69, 38] 0.0231306459755
[44, 69, 39] -0.0127949565649
[44, 69, 40] 0.0764132589102
[44, 69, 41] 0.0893502384424
[44, 69, 42] -0.0395438373089
[44, 69, 43] -0.076591514051
[44, 69, 44] 0.056150265038
[44, 69, 45] 0.105667859316
[44, 69, 46] -0.0273504629731
[44, 69, 47] -0.123851574957
[44, 69, 48] -0.0656013414264
[44, 69, 49] 0.0399027615786
[44, 69, 50] 0.109176874161
[44, 69, 51] 0.123444072902
[44, 69, 52] 0.0790699794888
[44, 69, 53] 0.0452839881182
[44, 70, 38] 0.110827974975
[44, 70, 39] 0.0337176695466
[44, 70, 40] 0.064258992672
[44, 70, 41] 0.0716440975666
[44, 70, 42] -0.0109376432374
[44, 70, 43] -0.041873216629
[44, 70, 44] 0.0384502708912
[44, 70, 45] 0.0640060827136
[44, 70, 46] -0.0229247286916
[44, 70, 47] -0.0459838584065
[44, 70, 48] 0.045773614198
[44, 70, 49] 0.0837563052773
[44, 70, 50] 0.00659671984613
[44, 70, 51] -0.0869881510735
[44, 70, 52] -0.150251314044
[44, 71, 38] 0.0753986090422
[44, 71, 39] -0.0324652194977
[44, 71, 40] -0.0701767504215
[44, 71, 41] -0.0676640123129
[44, 71, 42] -0.0585963390768
[44, 71, 43] -0.0286271609366
[44, 71, 44] 0.0187325719744
[44, 71, 45] 0.0289394892752
[44, 71, 46] 0.00320591544732
[44, 71, 47] 0.0314427055418
[44, 71, 48] 0.106047473848
[44, 71, 49] 0.0854220017791
[44, 71, 50] -0.0477965287864
[44, 71, 51] -0.150593161583
[44, 71, 52] -0.185771599412
[44, 72, 39] -0.0877382233739
[44, 72, 40] -0.0916531085968
[44, 72, 41] -0.0969578251243
[44, 72, 42] -0.0582563430071
[44, 72, 43] 0.0149335339665
[44, 72, 44] 0.0588242970407
[44, 72, 45] 0.0584143660963
[44, 72, 46] 0.0374960340559
[44, 72, 47] 0.0346074402332
[44, 72, 48] 0.0647027641535
[44, 72, 49] 0.0591052174568
[44, 72, 50] -0.0191107019782
[44, 72, 51] -0.0700276717544
[44, 73, 40] 0.0172220952809
[44, 73, 41] -0.0309835411608
[44, 73, 42] -0.0641453787684
[44, 73, 43] -0.00630327640101
[44, 73, 44] 0.0582842230797
[44, 73, 45] 0.0845280215144
[44, 73, 46] 0.0714719220996
[44, 73, 47] 0.0372003652155
[44, 73, 48] 0.0506289638579
[44, 73, 49] 0.0979636535048
[44, 73, 50] 0.0756156072021
[44, 74, 41] -0.0168670993298
[44, 74, 42] -0.132953554392
[44, 74, 43] -0.134214431047
[44, 74, 44] -0.0721997022629
[44, 74, 45] 0.000572163669858
[44, 74, 46] 0.0432866849005
[44, 74, 47] 0.0333277098835
[44, 74, 48] 0.0480008758605
[44, 74, 49] 0.11002881825
[44, 75, 43] -0.15631455183
[44, 75, 44] -0.1641459167
[44, 75, 45] -0.0959799066186
[44, 75, 46] -0.0225131064653
[44, 75, 47] -0.0159290358424
[45, 59, 45] 0.0496607646346
[45, 60, 42] -0.168172046542
[45, 60, 43] -0.112055785954
[45, 60, 44] -0.0359193049371
[45, 60, 45] 0.143540754914
[45, 60, 46] 0.28243547678
[45, 60, 47] 0.154667213559
[45, 60, 48] -0.0880751088262
[45, 61, 40] 0.0849011689425
[45, 61, 41] -0.00859145261347
[45, 61, 42] -0.106305979192
[45, 61, 43] -0.158808335662
[45, 61, 44] -0.130402818322
[45, 61, 45] -0.0127178691328
[45, 61, 46] 0.0637365654111
[45, 61, 47] 0.0214785560966
[45, 61, 48] -0.00920660514385
[45, 61, 49] 0.026665173471
[45, 61, 50] -0.000639789854176
[45, 62, 39] 0.140733495355
[45, 62, 40] 0.272960752249
[45, 62, 41] 0.197907358408
[45, 62, 42] -0.0338384732604
[45, 62, 43] -0.192518502474
[45, 62, 44] -0.19085727632
[45, 62, 45] -0.171655237675
[45, 62, 46] -0.233509868383
[45, 62, 47] -0.232946053147
[45, 62, 48] -0.0370635800064
[45, 62, 49] 0.173775509
[45, 62, 50] 0.138725847006
[45, 62, 51] -0.0760559663177
[45, 63, 39] 0.163108870387
[45, 63, 40] 0.341286629438
[45, 63, 41] 0.236262947321
[45, 63, 42] -0.103324994445
[45, 63, 43] -0.273776501417
[45, 63, 44] -0.166986763477
[45, 63, 45] -0.106476046145
[45, 63, 46] -0.227079495788
[45, 63, 47] -0.254090458155
[45, 63, 48] -0.0254416614771
[45, 63, 49] 0.213791549206
[45, 63, 50] 0.190278574824
[45, 63, 51] -0.016579605639
[45, 64, 38] -0.129302442074
[45, 64, 39] -0.0234696548432
[45, 64, 40] 0.181134536862
[45, 64, 41] 0.144332632422
[45, 64, 42] -0.148521512747
[45, 64, 43] -0.266994327307
[45, 64, 44] -0.08667306602
[45, 64, 45] 0.0270429328084
[45, 64, 46] -0.075885400176
[45, 64, 47] -0.134449288249
[45, 64, 48] -0.0126849180087
[45, 64, 49] 0.113212503493
[45, 64, 50] 0.0775119736791
[45, 64, 51] -0.0639946907759
[45, 64, 52] -0.13467746973
[45, 65, 38] -0.149662494659
[45, 65, 39] -0.155778378248
[45, 65, 40] 0.0532038919628
[45, 65, 41] 0.176253065467
[45, 65, 42] 0.0651483237743
[45, 65, 43] -0.0101407375187
[45, 65, 44] 0.0676384940743
[45, 65, 45] 0.073162779212
[45, 65, 46] -0.0446769557893
[45, 65, 47] -0.10141081363
[45, 65, 48] -0.0602953657508
[45, 65, 49] -0.022469099611
[45, 65, 50] -0.0382855571806
[45, 65, 51] -0.106407485902
[45, 65, 52] -0.16854506731
[45, 66, 38] 0.0598029978573
[45, 66, 39] -0.0514358170331
[45, 66, 40] 0.0603751987219
[45, 66, 41] 0.231408447027
[45, 66, 42] 0.265455275774
[45, 66, 43] 0.246737927198
[45, 66, 44] 0.229374006391
[45, 66, 45] 0.121140815318
[45, 66, 46] -0.0189820732921
[45, 66, 47] -0.0669577494264
[45, 66, 48] -0.0597160048783
[45, 66, 49] -0.0305994357914
[45, 66, 50] 0.0405566208065
[45, 66, 51] 0.0695478916168
[45, 66, 52] -0.00191071955487
[45, 67, 37] 0.27467674017
[45, 67, 38] 0.16717222333
[45, 67, 39] 0.0199078638107
[45, 67, 40] 0.00593277672306
[45, 67, 41] 0.0791654959321
[45, 67, 42] 0.128041416407
[45, 67, 43] 0.191479116678
[45, 67, 44] 0.249177992344
[45, 67, 45] 0.199115678668
[45, 67, 46] 0.0949856862426
[45, 67, 47] 0.0274766124785
[45, 67, 48] -0.022069260478
[45, 67, 49] -1.88531448657e-05
[45, 67, 50] 0.15593470633
[45, 67, 51] 0.289824754
[45, 67, 52] 0.252433896065
[45, 67, 53] 0.126855179667
[45, 68, 38] 0.0297039933503
[45, 68, 39] -0.0698242932558
[45, 68, 40] -0.0797700732946
[45, 68, 41] -0.0746677145362
[45, 68, 42] -0.0848648771644
[45, 68, 43] -0.00612411927432
[45, 68, 44] 0.134732961655
[45, 68, 45] 0.187447950244
[45, 68, 46] 0.137255623937
[45, 68, 47] 0.0444093458354
[45, 68, 48] -0.067181661725
[45, 68, 49] -0.0890333279967
[45, 68, 50] 0.0614003911614
[45, 68, 51] 0.229248091578
[45, 68, 52] 0.257329970598
[45, 69, 38] -0.0571942552924
[45, 69, 39] -0.098584190011
[45, 69, 40] -0.038527354598
[45, 69, 41] -0.0288938004524
[45, 69, 42] -0.0873832851648
[45, 69, 43] -0.0801247432828
[45, 69, 44] 0.0064141722396
[45, 69, 45] 0.06652161479
[45, 69, 46] 0.0652410760522
[45, 69, 47] 0.00873151794076
[45, 69, 48] -0.101689748466
[45, 69, 49] -0.173554062843
[45, 69, 50] -0.119729012251
[45, 69, 51] -0.024089531973
[45, 69, 52] 0.0216063968837
[45, 70, 38] 0.0162090845406
[45, 70, 39] -0.0274996999651
[45, 70, 40] -0.0048045758158
[45, 70, 41] -0.0164608005434
[45, 70, 42] -0.0629722252488
[45, 70, 43] -0.0855103284121
[45, 70, 44] -0.080653399229
[45, 70, 45] -0.0518416911364
[45, 70, 46] 0.00792817305773
[45, 70, 47] 0.0421407669783
[45, 70, 48] -0.0120416739956
[45, 70, 49] -0.104071639478
[45, 70, 50] -0.14663952589
[45, 70, 51] -0.148060441017
[45, 70, 52] -0.145601212978
[45, 71, 39] -0.00880763214082
[45, 71, 40] -0.0826581791043
[45, 71, 41] -0.134576976299
[45, 71, 42] -0.114815607667
[45, 71, 43] -0.0700549259782
[45, 71, 44] -0.0738832876086
[45, 71, 45] -0.0736108198762
[45, 71, 46] -0.00442970078439
[45, 71, 47] 0.0702704414725
[45, 71, 48] 0.0697840601206
[45, 71, 49] 0.00973739754409
[45, 71, 50] -0.0517959818244
[45, 71, 51] -0.0844520926476
[45, 72, 39] -0.0208338256925
[45, 72, 40] -0.08644130826
[45, 72, 41] -0.137545451522
[45, 72, 42] -0.0842930302024
[45, 72, 43] 0.0160910002887
[45, 72, 44] 0.033755172044
[45, 72, 45] -0.00613485835493
[45, 72, 46] -0.0106437737122
[45, 72, 47] 0.0224716961384
[45, 72, 48] 0.0574815757573
[45, 72, 49] 0.0620667412877
[45, 72, 50] 0.0189088471234
[45, 72, 51] -0.0131635833532
[45, 73, 40] 0.0395568311214
[45, 73, 41] 0.00544265285134
[45, 73, 42] -0.00445105461404
[45, 73, 43] 0.0541603714228
[45, 73, 44] 0.0803762748837
[45, 73, 45] 0.0364491455257
[45, 73, 46] -0.0102067030966
[45, 73, 47] -0.00314653362148
[45, 73, 48] 0.0590684972703
[45, 73, 49] 0.0960186496377
[45, 73, 50] 0.0333281420171
[45, 74, 42] 0.0124803874642
[45, 74, 43] -0.0214215703309
[45, 74, 44] -0.0151433553547
[45, 74, 45] -0.0172005146742
[45, 74, 46] -0.0115867294371
[45, 74, 47] 0.0305153094232
[45, 74, 48] 0.0927254781127
[45, 75, 45] -0.0638304948807
[46, 60, 43] -0.124436222017
[46, 60, 44] -0.189796030521
[46, 60, 45] -0.0413173139095
[46, 60, 46] 0.216931059957
[46, 60, 47] 0.23804576695
[46, 61, 41] 0.096304230392
[46, 61, 42] -0.000342889019521
[46, 61, 43] -0.0800004675984
[46, 61, 44] -0.150073602796
[46, 61, 45] -0.093989521265
[46, 61, 46] 0.05706583336
[46, 61, 47] 0.138946250081
[46, 61, 48] 0.125808238983
[46, 61, 49] 0.0718255788088
[46, 62, 40] 0.208339169621
[46, 62, 41] 0.127579137683
[46, 62, 42] 0.024667756632
[46, 62, 43] -0.0412239059806
[46, 62, 44] -0.0944532826543
[46, 62, 45] -0.157248586416
[46, 62, 46] -0.177360028028
[46, 62, 47] -0.0680540949106
[46, 62, 48] 0.140847593546
[46, 62, 49] 0.252992451191
[46, 62, 50] 0.132554635406
[46, 63, 39] -0.0262622386217
[46, 63, 40] 0.108019918203
[46, 63, 41] 0.094211705029
[46, 63, 42] -0.0365872122347
[46, 63, 43] -0.097581371665
[46, 63, 44] -0.0739857777953
[46, 63, 45] -0.121629409492
[46, 63, 46] -0.210947021842
[46, 63, 47] -0.129144415259
[46, 63, 48] 0.127936959267
[46, 63, 49] 0.300114631653
[46, 63, 50] 0.2334985286
[46, 63, 51] 0.0574517734349
[46, 64, 39] -0.235330462456
[46, 64, 40] -0.0387320779264
[46, 64, 41] 0.0415181294084
[46, 64, 42] -0.0705603212118
[46, 64, 43] -0.142603054643
[46, 64, 44] -0.0779770314693
[46, 64, 45] -0.054793022573
[46, 64, 46] -0.111206941307
[46, 64, 47] -0.0839447155595
[46, 64, 48] 0.036191586405
[46, 64, 49] 0.103330299258
[46, 64, 50] 0.0806413292885
[46, 64, 51] 0.0380867347121
[46, 65, 38] -0.153650566936
[46, 65, 39] -0.191205143929
[46, 65, 40] -0.0377996899188
[46, 65, 41] 0.116732686758
[46, 65, 42] 0.0933714210987
[46, 65, 43] 0.0192850809544
[46, 65, 44] 0.0137730073184
[46, 65, 45] -0.00888155866414
[46, 65, 46] -0.0679215788841
[46, 65, 47] -0.09382224828
[46, 65, 48] -0.120368167758
[46, 65, 49] -0.160911753774
[46, 65, 50] -0.126899197698
[46, 65, 51] -0.0384973995388
[46, 65, 52] -0.0266830325127
[46, 66, 38] 0.229414224625
[46, 66, 39] 0.0954846069217
[46, 66, 40] 0.0874728411436
[46, 66, 41] 0.201655954123
[46, 66, 42] 0.266116708517
[46, 66, 43] 0.253283828497
[46, 66, 44] 0.193178355694
[46, 66, 45] 0.0753677412868
[46, 66, 46] -0.0323249474168
[46, 66, 47] -0.0896731689572
[46, 66, 48] -0.167257934809
[46, 66, 49] -0.215148836374
[46, 66, 50] -0.104451268911
[46, 66, 51] 0.056431453675
[46, 66, 52] 0.0540342666209
[46, 67, 38] 0.339105963707
[46, 67, 39] 0.171388030052
[46, 67, 40] 0.045366935432
[46, 67, 41] 0.074869774282
[46, 67, 42] 0.181619033217
[46, 67, 43] 0.278876423836
[46, 67, 44] 0.282948702574
[46, 67, 45] 0.17096221447
[46, 67, 46] 0.0568684227765
[46, 67, 47] -0.00893756747246
[46, 67, 48] -0.0917918682098
[46, 67, 49] -0.119804427028
[46, 67, 50] 0.0178372487426
[46, 67, 51] 0.175303593278
[46, 67, 52] 0.167028963566
[46, 68, 38] 0.0566514208913
[46, 68, 39] -0.0679637938738
[46, 68, 40] -0.127556115389
[46, 68, 41] -0.100066892803
[46, 68, 42] -0.00181899813469
[46, 68, 43] 0.132130607963
[46, 68, 44] 0.194320961833
[46, 68, 45] 0.144392430782
[46, 68, 46] 0.0801418945193
[46, 68, 47] 0.0268433131278
[46, 68, 48] -0.0687879472971
[46, 68, 49] -0.12080103904
[46, 68, 50] -0.0412918627262
[46, 68, 51] 0.0513986498117
[46, 68, 52] 0.0743254125118
[46, 69, 38] -0.15296420455
[46, 69, 39] -0.19325967133
[46, 69, 40] -0.130614772439
[46, 69, 41] -0.0906047001481
[46, 69, 42] -0.060528781265
[46, 69, 43] -0.00783693883568
[46, 69, 44] 0.00636240607128
[46, 69, 45] -0.0138593623415
[46, 69, 46] -0.000411801825976
[46, 69, 47] -0.00782474782318
[46, 69, 48] -0.10461820662
[46, 69, 49] -0.190434381366
[46, 69, 50] -0.19012658298
[46, 69, 51] -0.17824202776
[46, 69, 52] -0.138849526644
[46, 70, 39] -0.0561030991375
[46, 70, 40] -0.00971707142889
[46, 70, 41] -0.0484778732061
[46, 70, 42] -0.0938023775816
[46, 70, 43] -0.109290443361
[46, 70, 44] -0.145339265466
[46, 70, 45] -0.144319966435
[46, 70, 46] -0.0563644357026
[46, 70, 47] -0.00928995758295
[46, 70, 48] -0.0809144079685
[46, 70, 49] -0.155368864536
[46, 70, 50] -0.175984486938
[46, 70, 51] -0.208582475781
[46, 71, 39] 0.0581764467061
[46, 71, 40] 0.000924974796362
[46, 71, 41] -0.116555579007
[46, 71, 42] -0.158750265837
[46, 71, 43] -0.137583866715
[46, 71, 44] -0.145522132516
[46, 71, 45] -0.125896856189
[46, 71, 46] -0.0348788201809
[46, 71, 47] 0.0115938754752
[46, 71, 48] -0.0265867356211
[46, 71, 49] -0.046175122261
[46, 71, 50] -0.0359606184065
[46, 71, 51] -0.0636918321252
[46, 72, 40] -0.0551914945245
[46, 72, 41] -0.136951997876
[46, 72, 42] -0.126138821244
[46, 72, 43] -0.0546653755009
[46, 72, 44] -0.0245465282351
[46, 72, 45] -0.0236376989633
[46, 72, 46] -0.0087318951264
[46, 72, 47] -0.00548265455291
[46, 72, 48] -0.00472836615518
[46, 72, 49] 0.021647753194
[46, 72, 50] 0.0304962601513
[46, 73, 41] -0.0279693156481
[46, 73, 42] -0.00609454419464
[46, 73, 43] 0.0277683380991
[46, 73, 44] 0.0405060239136
[46, 73, 45] 0.00991345662624
[46, 73, 46] -0.0242936741561
[46, 73, 47] -0.0151173761114
[46, 73, 48] 0.0334369204938
[46, 73, 49] 0.0485544800758
[46, 74, 43] 0.0457380898297
[46, 74, 44] 0.00348614808172
[46, 74, 45] -0.0380768962204
[46, 74, 46] -0.0412293970585
[46, 74, 47] 0.0315935388207
[47, 61, 43] 0.0188331380486
[47, 61, 44] -0.0581401251256
[47, 61, 45] -0.041041161865
[47, 61, 46] 0.0983418822289
[47, 61, 47] 0.210241675377
[47, 62, 41] -0.0364193245769
[47, 62, 42] 0.0353059284389
[47, 62, 43] 0.0970500409603
[47, 62, 44] 0.0489391945302
[47, 62, 45] -0.0406404472888
[47, 62, 46] -0.0433179140091
[47, 62, 47] 0.0904262512922
[47, 62, 48] 0.253200769424
[47, 62, 49] 0.249768704176
[47, 63, 40] -0.12590906024
[47, 63, 41] -0.0882584229112
[47, 63, 42] -0.0152929201722
[47, 63, 43] 0.051508449018
[47, 63, 44] 0.0454090237617
[47, 63, 45] -0.0466900132596
[47, 63, 46] -0.116988487542
[47, 63, 47] -0.0321641266346
[47, 63, 48] 0.143716976047
[47, 63, 49] 0.20411889255
[47, 63, 50] 0.117961280048
[47, 64, 40] -0.189377561212
[47, 64, 41] -0.0941804274917
[47, 64, 42] -0.0488259233534
[47, 64, 43] -0.0461114309728
[47, 64, 44] -0.0490155555308
[47, 64, 45] -0.0711588636041
[47, 64, 46] -0.099122390151
[47, 64, 47] -0.0865869373083
[47, 64, 48] -0.0705164968967
[47, 64, 49] -0.0878385826945
[47, 64, 50] -0.0524292811751
[47, 65, 39] -0.17047701776
[47, 65, 40] -0.128021225333
[47, 65, 41] -0.00668452633545
[47, 65, 42] 0.0483022890985
[47, 65, 43] -0.0052419914864
[47, 65, 44] -0.0728805437684
[47, 65, 45] -0.0983592122793
[47, 65, 46] -0.0921087190509
[47, 65, 47] -0.117136694491
[47, 65, 48] -0.24031047523
[47, 65, 49] -0.350080430508
[47, 65, 50] -0.237890779972
[47, 65, 51] 0.0151332616806
[47, 66, 39] 0.104308754206
[47, 66, 40] 0.0303437337279
[47, 66, 41] 0.109207674861
[47, 66, 42] 0.191868543625
[47, 66, 43] 0.152123421431
[47, 66, 44] 0.0300775319338
[47, 66, 45] -0.0780807435513
[47, 66, 46] -0.107862591743
[47, 66, 47] -0.119307786226
[47, 66, 48] -0.224356338382
[47, 66, 49] -0.31635504961
[47, 66, 50] -0.186182871461
[47, 66, 51] 0.0461194105446
[47, 67, 39] 0.162900000811
[47, 67, 40] 0.0403310097754
[47, 67, 41] 0.0757870003581
[47, 67, 42] 0.183790028095
[47, 67, 43] 0.225844889879
[47, 67, 44] 0.144908592105
[47, 67, 45] -0.0012725496199
[47, 67, 46] -0.0751585885882
[47, 67, 47] -0.0587267242372
[47, 67, 48] -0.0710605606437
[47, 67, 49] -0.0957152619958
[47, 67, 50] -0.0160254649818
[47, 67, 51] 0.0843437612057
[47, 68, 39] -0.0737314447761
[47, 68, 40] -0.110347747803
[47, 68, 41] -0.0567088462412
[47, 68, 42] 0.0553699657321
[47, 68, 43] 0.156161054969
[47, 68, 44] 0.145666912198
[47, 68, 45] 0.0318534113467
[47, 68, 46] -0.0387461781502
[47, 68, 47] -0.0102709010243
[47, 68, 48] 0.0222459342331
[47, 68, 49] 0.0204007104039
[47, 68, 50] 0.0105390297249
[47, 68, 51] -0.0284661874175
[47, 69, 39] -0.179988399148
[47, 69, 40] -0.120179831982
[47, 69, 41] -0.0799292623997
[47, 69, 42] -0.0346319340169
[47, 69, 43] 0.0278966259211
[47, 69, 44] 0.0202356204391
[47, 69, 45] -0.0514366179705
[47, 69, 46] -0.076315395534
[47, 69, 47] -0.0422081686556
[47, 69, 48] -0.0178040917963
[47, 69, 49] -0.0243509784341
[47, 69, 50] -0.087349191308
[47, 69, 51] -0.203259646893
[47, 70, 40] 0.0559887513518
[47, 70, 41] -0.0111739393324
[47, 70, 42] -0.0792296677828
[47, 70, 43] -0.0922323912382
[47, 70, 44] -0.119495168328
[47, 70, 45] -0.141536995769
[47, 70, 46] -0.109084837139
[47, 70, 47] -0.0795997232199
[47, 70, 48] -0.0791741982102
[47, 70, 49] -0.0693501383066
[47, 70, 50] -0.108450047672
[47, 71, 40] 0.141154125333
[47, 71, 41] 0.00212710769847
[47, 71, 42] -0.116554938257
[47, 71, 43] -0.153199344873
[47, 71, 44] -0.147269412875
[47, 71, 45] -0.0950915440917
[47, 71, 46] -0.031190559268
[47, 71, 47] -0.0395385734737
[47, 71, 48] -0.0706055983901
[47, 71, 49] -0.0360301397741
[47, 71, 50] -0.0223517976701
[47, 72, 41] -0.0288507249206
[47, 72, 42] -0.104591786861
[47, 72, 43] -0.13608558476
[47, 72, 44] -0.0872492715716
[47, 72, 45] 0.0186759196222
[47, 72, 46] 0.077108964324
[47, 72, 47] 0.0319180376828
[47, 72, 48] -0.0125154657289
[47, 72, 49] 0.0184793137014
[47, 73, 43] -0.0805230438709
[47, 73, 44] -0.0609836913645
[47, 73, 45] 0.0194736905396
[47, 73, 46] 0.0611977241933
[47, 73, 47] 0.0523146130145
[48, 62, 43] 0.057192761451
[48, 62, 44] 0.0348683334887
[48, 62, 45] 0.0160617325455
[48, 62, 46] 0.0444344803691
[48, 62, 47] 0.14427626133
[48, 63, 42] -0.0268247965723
[48, 63, 43] 0.0057181911543
[48, 63, 44] 0.00271258386783
[48, 63, 45] 0.00256241369061
[48, 63, 46] -0.00265925261192
[48, 63, 47] 0.0301638487726
[48, 63, 48] 0.0998153984547
[48, 64, 41] -0.0677612125874
[48, 64, 42] -0.0407819487154
[48, 64, 43] -0.0788487195969
[48, 64, 44] -0.0945943892002
[48, 64, 45] -0.0357855632901
[48, 64, 46] 0.00184597377665
[48, 64, 47] -0.0430070348084
[48, 64, 48] -0.13850030303
[48, 64, 49] -0.215397700667
[48, 65, 40] -0.128989487886
[48, 65, 41] -0.0543679818511
[48, 65, 42] -0.013661484234
[48, 65, 43] -0.0938345715404
[48, 65, 44] -0.161636561155
[48, 65, 45] -0.106168203056
[48, 65, 46] -0.0206577442586
[48, 65, 47] -0.0565309673548
[48, 65, 48] -0.236965402961
[48, 65, 49] -0.374991565943
[48, 65, 50] -0.240047574043
[48, 66, 40] -0.085873298347
[48, 66, 41] -0.0204736627638
[48, 66, 42] 0.0332067832351
[48, 66, 43] -0.0354332253337
[48, 66, 44] -0.138602510095
[48, 66, 45] -0.163397282362
[48, 66, 46] -0.107848480344
[48, 66, 47] -0.0730599313974
[48, 66, 48] -0.157882079482
[48, 66, 49] -0.254187762737
[48, 66, 50] -0.142142266035
[48, 67, 40] -0.0437494255602
[48, 67, 41] -0.0232809390873
[48, 67, 42] 0.0189895443618
[48, 67, 43] 0.0179538093507
[48, 67, 44] -0.02920707874
[48, 67, 45] -0.101244807243
[48, 67, 46] -0.120573952794
[48, 67, 47] -0.0528847761452
[48, 67, 48] -0.00412483979017
[48, 67, 49] -0.0145022468641
[48, 67, 50] 0.0255308318883
[48, 68, 40] -0.100600890815
[48, 68, 41] -0.0940515100956
[48, 68, 42] -0.0496201999485
[48, 68, 43] 0.0323951281607
[48, 68, 44] 0.0798695906997
[48, 68, 45] 0.0258150491863
[48, 68, 46] -0.037990860641
[48, 68, 47] 0.00627906667069
[48, 68, 48] 0.0971758440137
[48, 68, 49] 0.121931962669
[48, 68, 50] 0.0868443325162
[48, 69, 40] -0.100552290678
[48, 69, 41] -0.10882101953
[48, 69, 42] -0.0703425556421
[48, 69, 43] 0.0267620235682
[48, 69, 44] 0.0801632776856
[48, 69, 45] 0.0296779163182
[48, 69, 46] -0.0328227840364
[48, 69, 47] -0.00629400322214
[48, 69, 48] 0.0742924138904
[48, 69, 49] 0.0995491668582
[48, 69, 50] 0.0163773521781
[48, 70, 41] -0.0044037248008
[48, 70, 42] -0.0249925665557
[48, 70, 43] -0.00186206249055
[48, 70, 44] -0.0175289902836
[48, 70, 45] -0.072483509779
[48, 70, 46] -0.100595198572
[48, 70, 47] -0.0723276510835
[48, 70, 48] -0.00420856336132
[48, 70, 49] 0.0311083197594
[48, 71, 42] 0.00184072006959
[48, 71, 43] -0.0730716437101
[48, 71, 44] -0.105503231287
[48, 71, 45] -0.0765693634748
[48, 71, 46] -0.0363157093525
[48, 71, 47] -0.03051183559
[48, 71, 48] -0.00802139379084
[48, 72, 43] -0.160817444324
[48, 72, 44] -0.139051422477
[48, 72, 45] 0.0307278092951
[48, 72, 46] 0.141100108624
[48, 72, 47] 0.101542726159
[49, 63, 45] -0.0525081865489
[49, 64, 43] -0.196702390909
[49, 64, 44] -0.218868464231
[49, 64, 45] -0.0293124523014
[49, 64, 46] 0.120614096522
[49, 64, 47] 0.0801493376493
[49, 65, 42] -0.0547976605594
[49, 65, 43] -0.161591857672
[49, 65, 44] -0.188604697585
[49, 65, 45] -0.0381384156644
[49, 65, 46] 0.108040355146
[49, 65, 47] 0.0784925818443
[49, 65, 48] -0.0938833728433
[49, 66, 42] -0.106749147177
[49, 66, 43] -0.124854519963
[49, 66, 44] -0.129312589765
[49, 66, 45] -0.0839183777571
[49, 66, 46] -0.0258733760566
[49, 66, 47] 0.000923850457184
[49, 66, 48] -0.0572675205767
[49, 67, 41] -0.177879497409
[49, 67, 42] -0.172625139356
[49, 67, 43] -0.0952705666423
[49, 67, 44] -0.00687866797671
[49, 67, 45] -0.0154521372169
[49, 67, 46] -0.07822085917
[49, 67, 47] -0.0636211931705
[49, 67, 48] -0.0175932757556
[49, 67, 49] -0.0312529727817
[49, 68, 42] -0.194001838565
[49, 68, 43] -0.0305290650576
[49, 68, 44] 0.144052281976
[49, 68, 45] 0.143741771579
[49, 68, 46] 0.0240631494671
[49, 68, 47] -0.0116655090824
[49, 68, 48] 0.0363237671554
[49, 69, 42] -0.117402128875
[49, 69, 43] 0.0700581371784
[49, 69, 44] 0.19069506228
[49, 69, 45] 0.148058861494
[49, 69, 46] 0.0424337685108
[49, 69, 47] 0.0274180565029
[49, 69, 48] 0.075956299901
[49, 70, 43] 0.123682670295
[49, 70, 44] 0.0926370918751
[49, 70, 45] -0.0229268968105
[49, 70, 46] -0.0804374665022
[49, 70, 47] -0.0177877210081
[49, 71, 45] -0.103462822735
crs grids:  [[38, 66, 48], [39, 66, 47], [39, 66, 48], [39, 67, 47], [39, 67, 48], [40, 66, 47], [40, 66, 48], [40, 67, 47], [41, 65, 45], [41, 65, 46], [41, 66, 45], [41, 66, 46], [41, 67, 46], [42, 65, 45], [42, 65, 46], [42, 66, 45], [42, 66, 46], [42, 67, 45], [42, 67, 46], [48, 65, 49]]
adjacency sets:  [{0, 1, 2, 3, 4}, {0, 1, 2, 3, 4, 5, 6, 7}, {0, 1, 2, 3, 4, 5, 6, 7}, {0, 1, 2, 3, 4, 5, 6, 7}, {0, 1, 2, 3, 4, 5, 6, 7}, {1, 2, 3, 4, 5, 6, 7, 9, 11, 12}, {1, 2, 3, 4, 5, 6, 7}, {1, 2, 3, 4, 5, 6, 7, 11, 12}, {8, 9, 10, 11, 13, 14, 15, 16}, {5, 8, 9, 10, 11, 13, 14, 15, 16}, {8, 9, 10, 11, 12, 13, 14, 15, 16, 17, 18}, {5, 7, 8, 9, 10, 11, 12, 13, 14, 15, 16, 17, 18}, {5, 7, 10, 11, 12, 15, 16, 17, 18}, {8, 9, 10, 11, 13, 14, 15, 16}, {8, 9, 10, 11, 13, 14, 15, 16}, {8, 9, 10, 11, 12, 13, 14, 15, 16, 17, 18}, {8, 9, 10, 11, 12, 13, 14, 15, 16, 17, 18}, {10, 11, 12, 15, 16, 17, 18}, {10, 11, 12, 15, 16, 17, 18}, {19}]
aberrant lists:  [{0, 1, 2, 3, 4, 5, 6, 7, 8, 9, 10, 11, 12, 13, 14, 15, 16, 17, 18}, {19}]
centroid grid:  [40.620421236873916, 66.091749283183574, 46.320915000272166]
centroid grid:  [48.0, 65.0, 49.0]
aberrant blubs:  [{'total_density': -8.6641676723957062, 'centroid': [33.636843229594987, 25.563500738143919, 21.754318352901574], 'volume': 3.9891138580206165}, {'total_density': -0.37499156594276428, 'centroid': [33.036185314780795, 27.34700078964233, 26.457954753528941], 'volume': 0.20995336094845349}]
test position:  [34.3, 25.3, 22.8]
unit volume:  0.209953360948
